map size - [20, 20]
quantization error - 0.0571804577346
topographic error - 0.083
topographic error and quantization error average - 0.0700902288673
density - 5.0
HIT map - 
6 9 9 10 16 11 14 20 10 8 7 4 7 3 6 10 9 9 9 13 
12 4 1 3 1 0 0 0 4 8 3 3 2 7 3 4 4 3 3 10 
6 5 0 0 0 0 1 0 10 4 7 1 5 4 7 4 0 0 3 12 
8 6 8 10 4 10 8 7 8 5 3 3 6 7 6 0 0 0 8 8 
7 3 7 4 8 2 8 7 7 5 6 5 3 1 10 0 0 0 5 6 
4 4 4 5 5 3 10 6 5 9 10 11 3 8 1 1 0 4 5 7 
5 2 4 6 3 5 9 8 0 0 2 6 1 5 5 9 3 9 4 5 
4 5 12 7 4 1 13 5 0 0 2 10 8 2 4 3 7 5 4 2 
7 6 9 3 14 6 3 10 7 0 0 2 10 5 3 3 6 3 3 5 
12 6 1 0 2 4 3 5 9 2 0 0 3 8 6 2 0 1 4 3 
17 3 0 0 2 8 10 3 5 2 0 0 10 4 3 4 6 5 2 4 
14 0 0 3 7 7 5 2 17 8 5 0 10 5 3 1 6 1 1 6 
18 4 7 6 12 6 7 2 3 6 8 8 7 1 8 7 9 6 6 2 
9 8 11 7 4 5 3 5 5 5 4 6 6 3 3 2 1 6 5 3 
1 0 2 2 7 4 6 3 5 5 2 8 2 5 5 0 0 6 2 6 
0 0 0 1 7 5 7 11 4 7 6 2 3 4 6 0 0 6 4 4 
7 5 7 8 11 7 3 1 0 8 1 4 5 8 2 1 0 4 3 6 
9 4 4 5 1 0 0 0 3 4 5 3 3 5 7 2 0 0 6 9 
13 1 0 0 0 5 4 6 5 4 4 2 2 3 6 3 5 0 3 14 
24 11 11 10 13 4 7 7 6 1 1 5 6 7 6 8 8 12 11 17 

