-0.028237 -0.071548 -0.11486 -0.158172 -0.201484 -0.244796 -0.288107 -0.331419 -0.374731 -0.418043 -0.461354 -0.504666 -0.547978 -0.59129 -0.634602 -0.677913 -0.721225 -0.764537 -0.807849 -0.85116 -0.894472 -0.937784 -0.981096 -1.024408 -1.067719 -1.111031 -1.154343 -1.197655 -1.240966 -1.284278 -1.32759 -1.370902 -1.414214 
0.015474 -0.027838 -0.07115 -0.114461 -0.157773 -0.201085 -0.244397 -0.287708 -0.33102 -0.374332 -0.417644 -0.460956 -0.504267 -0.547579 -0.590891 -0.634203 -0.677514 -0.720826 -0.764138 -0.80745 -0.850762 -0.894073 -0.937385 -0.980697 -1.024009 -1.06732 -1.110632 -1.153944 -1.197256 -1.240568 -1.283879 -1.327191 -1.370503 
0.059185 0.015873 -0.027439 -0.070751 -0.114063 -0.157374 -0.200686 -0.243998 -0.28731 -0.330621 -0.373933 -0.417245 -0.460557 -0.503869 -0.54718 -0.590492 -0.633804 -0.677116 -0.720427 -0.763739 -0.807051 -0.850363 -0.893675 -0.936986 -0.980298 -1.02361 -1.066922 -1.110233 -1.153545 -1.196857 -1.240169 -1.283481 -1.326792 
0.102895 0.059583 0.016272 -0.02704 -0.070352 -0.113664 -0.156975 -0.200287 -0.243599 -0.286911 -0.330223 -0.373534 -0.416846 -0.460158 -0.50347 -0.546781 -0.590093 -0.633405 -0.676717 -0.720029 -0.76334 -0.806652 -0.849964 -0.893276 -0.936587 -0.979899 -1.023211 -1.066523 -1.109835 -1.153146 -1.196458 -1.23977 -1.283082 
0.146606 0.103294 0.059982 0.01667 -0.026641 -0.069953 -0.113265 -0.156577 -0.199888 -0.2432 -0.286512 -0.329824 -0.373136 -0.416447 -0.459759 -0.503071 -0.546383 -0.589694 -0.633006 -0.676318 -0.71963 -0.762942 -0.806253 -0.849565 -0.892877 -0.936189 -0.9795 -1.022812 -1.066124 -1.109436 -1.152748 -1.196059 -1.239371 
0.190316 0.147005 0.103693 0.060381 0.017069 -0.026242 -0.069554 -0.112866 -0.156178 -0.19949 -0.242801 -0.286113 -0.329425 -0.372737 -0.416048 -0.45936 -0.502672 -0.545984 -0.589296 -0.632607 -0.675919 -0.719231 -0.762543 -0.805854 -0.849166 -0.892478 -0.93579 -0.979102 -1.022413 -1.065725 -1.109037 -1.152349 -1.195661 
0.234027 0.190715 0.147403 0.104092 0.06078 0.017468 -0.025844 -0.069155 -0.112467 -0.155779 -0.199091 -0.242403 -0.285714 -0.329026 -0.372338 -0.41565 -0.458961 -0.502273 -0.545585 -0.588897 -0.632209 -0.67552 -0.718832 -0.762144 -0.805456 -0.848767 -0.892079 -0.935391 -0.978703 -1.022015 -1.065326 -1.108638 -1.15195 
0.277738 0.234426 0.191114 0.147802 0.104491 0.061179 0.017867 -0.025445 -0.068757 -0.112068 -0.15538 -0.198692 -0.242004 -0.285315 -0.328627 -0.371939 -0.415251 -0.458563 -0.501874 -0.545186 -0.588498 -0.63181 -0.675121 -0.718433 -0.761745 -0.805057 -0.848369 -0.89168 -0.934992 -0.978304 -1.021616 -1.064928 -1.108239 
0.321448 0.278136 0.234825 0.191513 0.148201 0.104889 0.061578 0.018266 -0.025046 -0.068358 -0.11167 -0.154981 -0.198293 -0.241605 -0.284917 -0.328228 -0.37154 -0.414852 -0.458164 -0.501476 -0.544787 -0.588099 -0.631411 -0.674723 -0.718034 -0.761346 -0.804658 -0.84797 -0.891282 -0.934593 -0.977905 -1.021217 -1.064529 
0.365159 0.321847 0.278535 0.235224 0.191912 0.1486 0.105288 0.061976 0.018665 -0.024647 -0.067959 -0.111271 -0.154582 -0.197894 -0.241206 -0.284518 -0.32783 -0.371141 -0.414453 -0.457765 -0.501077 -0.544388 -0.5877 -0.631012 -0.674324 -0.717636 -0.760947 -0.804259 -0.847571 -0.890883 -0.934195 -0.977506 -1.020818 
0.408869 0.365558 0.322246 0.278934 0.235622 0.192311 0.148999 0.105687 0.062375 0.019063 -0.024248 -0.06756 -0.110872 -0.154184 -0.197495 -0.240807 -0.284119 -0.327431 -0.370743 -0.414054 -0.457366 -0.500678 -0.54399 -0.587301 -0.630613 -0.673925 -0.717237 -0.760549 -0.80386 -0.847172 -0.890484 -0.933796 -0.977107 
0.45258 0.409268 0.365957 0.322645 0.279333 0.236021 0.192709 0.149398 0.106086 0.062774 0.019462 -0.023849 -0.067161 -0.110473 -0.153785 -0.197097 -0.240408 -0.28372 -0.327032 -0.370344 -0.413655 -0.456967 -0.500279 -0.543591 -0.586903 -0.630214 -0.673526 -0.716838 -0.76015 -0.803461 -0.846773 -0.890085 -0.933397 
0.496291 0.452979 0.409667 0.366355 0.323044 0.279732 0.23642 0.193108 0.149796 0.106485 0.063173 0.019861 -0.023451 -0.066762 -0.110074 -0.153386 -0.196698 -0.24001 -0.283321 -0.326633 -0.369945 -0.413257 -0.456568 -0.49988 -0.543192 -0.586504 -0.629816 -0.673127 -0.716439 -0.759751 -0.803063 -0.846374 -0.889686 
0.540001 0.49669 0.453378 0.410066 0.366754 0.323442 0.280131 0.236819 0.193507 0.150195 0.106884 0.063572 0.02026 -0.023052 -0.066364 -0.109675 -0.152987 -0.196299 -0.239611 -0.282922 -0.326234 -0.369546 -0.412858 -0.45617 -0.499481 -0.542793 -0.586105 -0.629417 -0.672728 -0.71604 -0.759352 -0.802664 -0.845976 
0.583712 0.5404 0.497088 0.453777 0.410465 0.367153 0.323841 0.280529 0.237218 0.193906 0.150594 0.107282 0.063971 0.020659 -0.022653 -0.065965 -0.109277 -0.152588 -0.1959 -0.239212 -0.282524 -0.325835 -0.369147 -0.412459 -0.455771 -0.499083 -0.542394 -0.585706 -0.629018 -0.67233 -0.715641 -0.758953 -0.802265 
0.627423 0.584111 0.540799 0.497487 0.454175 0.410864 0.367552 0.32424 0.280928 0.237617 0.194305 0.150993 0.107681 0.064369 0.021058 -0.022254 -0.065566 -0.108878 -0.152189 -0.195501 -0.238813 -0.282125 -0.325437 -0.368748 -0.41206 -0.455372 -0.498684 -0.541995 -0.585307 -0.628619 -0.671931 -0.715243 -0.758554 
0.671133 0.627821 0.58451 0.541198 0.497886 0.454574 0.411262 0.367951 0.324639 0.281327 0.238015 0.194704 0.151392 0.10808 0.064768 0.021456 -0.021855 -0.065167 -0.108479 -0.151791 -0.195102 -0.238414 -0.281726 -0.325038 -0.36835 -0.411661 -0.454973 -0.498285 -0.541597 -0.584908 -0.62822 -0.671532 -0.714844 
0.714844 0.671532 0.62822 0.584908 0.541597 0.498285 0.454973 0.411661 0.36835 0.325038 0.281726 0.238414 0.195102 0.151791 0.108479 0.065167 0.021855 -0.021456 -0.064768 -0.10808 -0.151392 -0.194704 -0.238015 -0.281327 -0.324639 -0.367951 -0.411262 -0.454574 -0.497886 -0.541198 -0.58451 -0.627821 -0.671133 
0.758554 0.715243 0.671931 0.628619 0.585307 0.541995 0.498684 0.455372 0.41206 0.368748 0.325437 0.282125 0.238813 0.195501 0.152189 0.108878 0.065566 0.022254 -0.021058 -0.064369 -0.107681 -0.150993 -0.194305 -0.237617 -0.280928 -0.32424 -0.367552 -0.410864 -0.454175 -0.497487 -0.540799 -0.584111 -0.627423 
0.802265 0.758953 0.715641 0.67233 0.629018 0.585706 0.542394 0.499083 0.455771 0.412459 0.369147 0.325835 0.282524 0.239212 0.1959 0.152588 0.109277 0.065965 0.022653 -0.020659 -0.063971 -0.107282 -0.150594 -0.193906 -0.237218 -0.280529 -0.323841 -0.367153 -0.410465 -0.453777 -0.497088 -0.5404 -0.583712 
0.845976 0.802664 0.759352 0.71604 0.672728 0.629417 0.586105 0.542793 0.499481 0.45617 0.412858 0.369546 0.326234 0.282922 0.239611 0.196299 0.152987 0.109675 0.066364 0.023052 -0.02026 -0.063572 -0.106884 -0.150195 -0.193507 -0.236819 -0.280131 -0.323442 -0.366754 -0.410066 -0.453378 -0.49669 -0.540001 
0.889686 0.846374 0.803063 0.759751 0.716439 0.673127 0.629816 0.586504 0.543192 0.49988 0.456568 0.413257 0.369945 0.326633 0.283321 0.24001 0.196698 0.153386 0.110074 0.066762 0.023451 -0.019861 -0.063173 -0.106485 -0.149796 -0.193108 -0.23642 -0.279732 -0.323044 -0.366355 -0.409667 -0.452979 -0.496291 
0.933397 0.890085 0.846773 0.803461 0.76015 0.716838 0.673526 0.630214 0.586903 0.543591 0.500279 0.456967 0.413655 0.370344 0.327032 0.28372 0.240408 0.197097 0.153785 0.110473 0.067161 0.023849 -0.019462 -0.062774 -0.106086 -0.149398 -0.192709 -0.236021 -0.279333 -0.322645 -0.365957 -0.409268 -0.45258 
0.977107 0.933796 0.890484 0.847172 0.80386 0.760549 0.717237 0.673925 0.630613 0.587301 0.54399 0.500678 0.457366 0.414054 0.370743 0.327431 0.284119 0.240807 0.197495 0.154184 0.110872 0.06756 0.024248 -0.019063 -0.062375 -0.105687 -0.148999 -0.192311 -0.235622 -0.278934 -0.322246 -0.365558 -0.408869 
1.020818 0.977506 0.934195 0.890883 0.847571 0.804259 0.760947 0.717636 0.674324 0.631012 0.5877 0.544388 0.501077 0.457765 0.414453 0.371141 0.32783 0.284518 0.241206 0.197894 0.154582 0.111271 0.067959 0.024647 -0.018665 -0.061976 -0.105288 -0.1486 -0.191912 -0.235224 -0.278535 -0.321847 -0.365159 
1.064529 1.021217 0.977905 0.934593 0.891282 0.84797 0.804658 0.761346 0.718034 0.674723 0.631411 0.588099 0.544787 0.501476 0.458164 0.414852 0.37154 0.328228 0.284917 0.241605 0.198293 0.154981 0.11167 0.068358 0.025046 -0.018266 -0.061578 -0.104889 -0.148201 -0.191513 -0.234825 -0.278136 -0.321448 
1.108239 1.064928 1.021616 0.978304 0.934992 0.89168 0.848369 0.805057 0.761745 0.718433 0.675121 0.63181 0.588498 0.545186 0.501874 0.458563 0.415251 0.371939 0.328627 0.285315 0.242004 0.198692 0.15538 0.112068 0.068757 0.025445 -0.017867 -0.061179 -0.104491 -0.147802 -0.191114 -0.234426 -0.277738 
1.15195 1.108638 1.065326 1.022015 0.978703 0.935391 0.892079 0.848767 0.805456 0.762144 0.718832 0.67552 0.632209 0.588897 0.545585 0.502273 0.458961 0.41565 0.372338 0.329026 0.285714 0.242403 0.199091 0.155779 0.112467 0.069155 0.025844 -0.017468 -0.06078 -0.104092 -0.147403 -0.190715 -0.234027 
1.195661 1.152349 1.109037 1.065725 1.022413 0.979102 0.93579 0.892478 0.849166 0.805854 0.762543 0.719231 0.675919 0.632607 0.589296 0.545984 0.502672 0.45936 0.416048 0.372737 0.329425 0.286113 0.242801 0.19949 0.156178 0.112866 0.069554 0.026242 -0.017069 -0.060381 -0.103693 -0.147005 -0.190316 
1.239371 1.196059 1.152748 1.109436 1.066124 1.022812 0.9795 0.936189 0.892877 0.849565 0.806253 0.762942 0.71963 0.676318 0.633006 0.589694 0.546383 0.503071 0.459759 0.416447 0.373136 0.329824 0.286512 0.2432 0.199888 0.156577 0.113265 0.069953 0.026641 -0.01667 -0.059982 -0.103294 -0.146606 
1.283082 1.23977 1.196458 1.153146 1.109835 1.066523 1.023211 0.979899 0.936587 0.893276 0.849964 0.806652 0.76334 0.720029 0.676717 0.633405 0.590093 0.546781 0.50347 0.460158 0.416846 0.373534 0.330223 0.286911 0.243599 0.200287 0.156975 0.113664 0.070352 0.02704 -0.016272 -0.059583 -0.102895 
1.326792 1.283481 1.240169 1.196857 1.153545 1.110233 1.066922 1.02361 0.980298 0.936986 0.893675 0.850363 0.807051 0.763739 0.720427 0.677116 0.633804 0.590492 0.54718 0.503869 0.460557 0.417245 0.373933 0.330621 0.28731 0.243998 0.200686 0.157374 0.114063 0.070751 0.027439 -0.015873 -0.059185 
1.370503 1.327191 1.283879 1.240568 1.197256 1.153944 1.110632 1.06732 1.024009 0.980697 0.937385 0.894073 0.850762 0.80745 0.764138 0.720826 0.677514 0.634203 0.590891 0.547579 0.504267 0.460956 0.417644 0.374332 0.33102 0.287708 0.244397 0.201085 0.157773 0.114461 0.07115 0.027838 -0.015474 
1.414214 1.370902 1.32759 1.284278 1.240966 1.197655 1.154343 1.111031 1.067719 1.024408 0.981096 0.937784 0.894472 0.85116 0.807849 0.764537 0.721225 0.677913 0.634602 0.59129 0.547978 0.504666 0.461354 0.418043 0.374731 0.331419 0.288107 0.244796 0.201484 0.158172 0.11486 0.071548 0.028237 
