-1.414214 -1.342402 -1.270591 -1.19878 -1.126969 -1.055157 -0.983346 -0.911535 -0.839724 -0.767912 -0.696101 -0.62429 -0.552479 -0.480667 -0.408856 -0.337045 -0.265234 -0.193422 -0.121611 
-1.32889 -1.257079 -1.185267 -1.113456 -1.041645 -0.969834 -0.898023 -0.826211 -0.7544 -0.682589 -0.610778 -0.538966 -0.467155 -0.395344 -0.323533 -0.251721 -0.17991 -0.108099 -0.036288 
-1.243566 -1.171755 -1.099944 -1.028133 -0.956321 -0.88451 -0.812699 -0.740888 -0.669076 -0.597265 -0.525454 -0.453643 -0.381831 -0.31002 -0.238209 -0.166398 -0.094586 -0.022775 0.049036 
-1.158243 -1.086432 -1.01462 -0.942809 -0.870998 -0.799187 -0.727375 -0.655564 -0.583753 -0.511942 -0.44013 -0.368319 -0.296508 -0.224697 -0.152885 -0.081074 -0.009263 0.062548 0.13436 
-1.072919 -1.001108 -0.929297 -0.857485 -0.785674 -0.713863 -0.642052 -0.57024 -0.498429 -0.426618 -0.354807 -0.282995 -0.211184 -0.139373 -0.067562 0.004249 0.076061 0.147872 0.219683 
-0.987596 -0.915784 -0.843973 -0.772162 -0.700351 -0.628539 -0.556728 -0.484917 -0.413106 -0.341294 -0.269483 -0.197672 -0.125861 -0.054049 0.017762 0.089573 0.161384 0.233196 0.305007 
-0.902272 -0.830461 -0.758649 -0.686838 -0.615027 -0.543216 -0.471405 -0.399593 -0.327782 -0.255971 -0.18416 -0.112348 -0.040537 0.031274 0.103085 0.174897 0.246708 0.318519 0.39033 
-0.816948 -0.745137 -0.673326 -0.601515 -0.529703 -0.457892 -0.386081 -0.31427 -0.242458 -0.170647 -0.098836 -0.027025 0.044787 0.116598 0.188409 0.26022 0.332032 0.403843 0.475654 
-0.731625 -0.659814 -0.588002 -0.516191 -0.44438 -0.372569 -0.300757 -0.228946 -0.157135 -0.085324 -0.013512 0.058299 0.13011 0.201921 0.273733 0.345544 0.417355 0.489166 0.560978 
-0.646301 -0.57449 -0.502679 -0.430867 -0.359056 -0.287245 -0.215434 -0.143622 -0.071811 0.0 0.071811 0.143622 0.215434 0.287245 0.359056 0.430867 0.502679 0.57449 0.646301 
-0.560978 -0.489166 -0.417355 -0.345544 -0.273733 -0.201921 -0.13011 -0.058299 0.013512 0.085324 0.157135 0.228946 0.300757 0.372569 0.44438 0.516191 0.588002 0.659814 0.731625 
-0.475654 -0.403843 -0.332032 -0.26022 -0.188409 -0.116598 -0.044787 0.027025 0.098836 0.170647 0.242458 0.31427 0.386081 0.457892 0.529703 0.601515 0.673326 0.745137 0.816948 
-0.39033 -0.318519 -0.246708 -0.174897 -0.103085 -0.031274 0.040537 0.112348 0.18416 0.255971 0.327782 0.399593 0.471405 0.543216 0.615027 0.686838 0.758649 0.830461 0.902272 
-0.305007 -0.233196 -0.161384 -0.089573 -0.017762 0.054049 0.125861 0.197672 0.269483 0.341294 0.413106 0.484917 0.556728 0.628539 0.700351 0.772162 0.843973 0.915784 0.987596 
-0.219683 -0.147872 -0.076061 -0.004249 0.067562 0.139373 0.211184 0.282995 0.354807 0.426618 0.498429 0.57024 0.642052 0.713863 0.785674 0.857485 0.929297 1.001108 1.072919 
-0.13436 -0.062548 0.009263 0.081074 0.152885 0.224697 0.296508 0.368319 0.44013 0.511942 0.583753 0.655564 0.727375 0.799187 0.870998 0.942809 1.01462 1.086432 1.158243 
-0.049036 0.022775 0.094586 0.166398 0.238209 0.31002 0.381831 0.453643 0.525454 0.597265 0.669076 0.740888 0.812699 0.88451 0.956321 1.028133 1.099944 1.171755 1.243566 
0.036288 0.108099 0.17991 0.251721 0.323533 0.395344 0.467155 0.538966 0.610778 0.682589 0.7544 0.826211 0.898023 0.969834 1.041645 1.113456 1.185267 1.257079 1.32889 
0.121611 0.193422 0.265234 0.337045 0.408856 0.480667 0.552479 0.62429 0.696101 0.767912 0.839724 0.911535 0.983346 1.055157 1.126969 1.19878 1.270591 1.342402 1.414214 
