-0.516442 -0.407766 -0.26196 -0.090738 0.069228 0.229519 0.360141 0.487316 0.666548 0.830395 0.967879 1.094744 1.211429 1.316341 1.411538 1.500508 1.581275 1.646387 1.681071 
-0.611824 -0.494913 -0.321824 -0.149375 0.016672 0.189555 0.328641 0.458418 0.631646 0.791352 0.925973 1.04984 1.164978 1.280412 1.399268 1.505891 1.598844 1.670242 1.702161 
-0.737463 -0.641284 -0.435168 -0.259969 -0.12082 0.045325 0.199941 0.344057 0.498717 0.636567 0.75892 0.874442 0.97885 1.085955 1.222633 1.393981 1.590988 1.698544 1.722605 
-0.828892 -0.736813 -0.533619 -0.357254 -0.19704 -0.015443 0.154081 0.307969 0.459209 0.589273 0.707899 0.823111 0.927109 1.019205 1.105211 1.200053 1.461386 1.697906 1.730725 
-0.843698 -0.733198 -0.586357 -0.441081 -0.273305 -0.085 0.102399 0.264969 0.413066 0.542918 0.661087 0.777978 0.900468 1.025323 1.118026 1.169255 1.337464 1.660567 1.720204 
-0.873203 -0.779035 -0.657086 -0.52505 -0.378851 -0.238527 -0.069541 0.098516 0.237468 0.371044 0.487368 0.582227 0.701421 0.941365 1.12546 1.167824 1.287235 1.621101 1.695403 
-0.979776 -0.893748 -0.740183 -0.599195 -0.471589 -0.323728 -0.141036 0.035824 0.177839 0.319261 0.440645 0.524385 0.588623 0.761786 1.071467 1.146142 1.250865 1.570513 1.645993 
-1.098235 -1.028064 -0.808332 -0.675744 -0.574075 -0.409605 -0.21554 -0.044547 0.113215 0.287771 0.441324 0.534044 0.58329 0.693724 0.996301 1.093628 1.196481 1.497691 1.567787 
-1.208751 -1.146169 -0.891898 -0.781251 -0.700553 -0.521287 -0.375432 -0.258894 -0.090341 0.162132 0.420626 0.51953 0.565716 0.671433 0.934476 1.010739 1.112977 1.412834 1.481921 
-1.33216 -1.270197 -1.011228 -0.919866 -0.847484 -0.600046 -0.485515 -0.429714 -0.300466 0.042765 0.337757 0.440851 0.509269 0.643418 0.850212 0.909782 1.011563 1.313394 1.389299 
-1.432705 -1.369829 -1.106949 -1.022424 -0.957504 -0.66423 -0.550617 -0.527382 -0.447573 -0.13621 0.162763 0.304895 0.405627 0.569077 0.725153 0.803948 0.921341 1.191438 1.27162 
-1.509462 -1.444929 -1.172816 -1.087062 -1.029729 -0.725048 -0.582289 -0.550023 -0.477754 -0.308352 -0.104239 0.070632 0.241198 0.443703 0.598642 0.704045 0.860042 1.057543 1.13301 
-1.585329 -1.51534 -1.222813 -1.132619 -1.09458 -0.848552 -0.616511 -0.55002 -0.472454 -0.348044 -0.208446 -0.041808 0.154645 0.344423 0.499381 0.633518 0.805871 0.948745 1.027831 
-1.644675 -1.578458 -1.267851 -1.151275 -1.124367 -1.019799 -0.787116 -0.635214 -0.532268 -0.410401 -0.282397 -0.131043 0.042758 0.209305 0.364005 0.533767 0.705926 0.851534 0.951627 
-1.684567 -1.642951 -1.358896 -1.160556 -1.118178 -1.061356 -0.947973 -0.822634 -0.708137 -0.586481 -0.456527 -0.313471 -0.167543 -0.00537 0.170735 0.360086 0.578346 0.794247 0.902563 
-1.708039 -1.691088 -1.525922 -1.213761 -1.112312 -1.048552 -0.954962 -0.852019 -0.743932 -0.625888 -0.496812 -0.354387 -0.214458 -0.05727 0.101253 0.248585 0.496656 0.779037 0.859667 
-1.711995 -1.698264 -1.63561 -1.440952 -1.236009 -1.125418 -1.023211 -0.910336 -0.794155 -0.6697 -0.535399 -0.389546 -0.2441 -0.0854 0.068422 0.20634 0.451461 0.693781 0.771331 
-1.70323 -1.681147 -1.632057 -1.559321 -1.463062 -1.365269 -1.26472 -1.131497 -0.986963 -0.834999 -0.671765 -0.50633 -0.335025 -0.16262 0.002869 0.154197 0.345928 0.540397 0.636543 
-1.692844 -1.662683 -1.608262 -1.554031 -1.489657 -1.409869 -1.319382 -1.191072 -1.042415 -0.882747 -0.709371 -0.53778 -0.359555 -0.185911 -0.025324 0.120638 0.286907 0.449357 0.540726 
