-1.656614 -1.668418 -1.676594 -1.67536 -1.663744 -1.640493 -1.613988 -1.576403 -1.510736 -1.439509 -1.364818 -1.280505 -1.187076 -1.089657 -0.982794 -0.863785 -0.729345 -0.594937 -0.506117 
-1.638183 -1.651594 -1.657939 -1.639461 -1.605049 -1.569993 -1.542956 -1.502248 -1.435562 -1.368588 -1.294137 -1.207072 -1.11176 -1.01675 -0.915542 -0.812588 -0.672901 -0.513931 -0.420513 
-1.603633 -1.592519 -1.523795 -1.409639 -1.324042 -1.278458 -1.251703 -1.209441 -1.149362 -1.087448 -1.012315 -0.920462 -0.821546 -0.728668 -0.662254 -0.6351 -0.524544 -0.369125 -0.301613 
-1.537037 -1.440935 -1.272302 -1.21103 -1.199308 -1.185308 -1.161643 -1.121538 -1.065999 -1.002045 -0.926009 -0.833904 -0.72956 -0.606404 -0.47039 -0.370802 -0.283428 -0.183607 -0.143017 
-1.344283 -1.235356 -1.165748 -1.157253 -1.148756 -1.125555 -1.096963 -1.051179 -0.992814 -0.92628 -0.847805 -0.761091 -0.664078 -0.517846 -0.339073 -0.230057 -0.143663 -0.010906 0.031504 
-1.098272 -1.10056 -1.097388 -1.043639 -0.937876 -0.858605 -0.814637 -0.769952 -0.717973 -0.64603 -0.557232 -0.472799 -0.412387 -0.323618 -0.181363 -0.115006 -0.043944 0.12302 0.166992 
-0.987173 -1.005115 -0.938576 -0.77485 -0.706991 -0.700642 -0.688236 -0.664258 -0.62705 -0.559851 -0.465481 -0.357834 -0.267541 -0.174511 -0.032152 0.017676 0.083596 0.268715 0.31377 
-0.909736 -0.893654 -0.719396 -0.60902 -0.615988 -0.612925 -0.563047 -0.550062 -0.552515 -0.518394 -0.411469 -0.262417 -0.167928 -0.079571 0.110354 0.174362 0.242094 0.435812 0.480935 
-0.826355 -0.785811 -0.577228 -0.510257 -0.514246 -0.405243 -0.26516 -0.2753 -0.33618 -0.331211 -0.143825 -0.029027 -0.01361 0.053845 0.2744 0.33557 0.397142 0.57739 0.618649 
-0.712838 -0.661267 -0.439869 -0.375503 -0.35314 -0.173897 -0.076603 -0.079486 -0.088102 0.056577 0.190812 0.169779 0.140101 0.253377 0.44933 0.471681 0.521949 0.694256 0.733759 
-0.602681 -0.547649 -0.317321 -0.245663 -0.208334 -0.028694 0.055266 0.105002 0.222292 0.363933 0.357052 0.318685 0.352632 0.527127 0.587652 0.572223 0.63585 0.819418 0.848965 
-0.494423 -0.43685 -0.194173 -0.114008 -0.072163 0.085373 0.176773 0.260311 0.395612 0.521968 0.563766 0.579933 0.648505 0.693512 0.674762 0.6714 0.810299 0.960816 0.961397 
-0.355567 -0.292814 -0.04354 0.043572 0.091284 0.194922 0.267584 0.343907 0.45846 0.57735 0.655779 0.711754 0.752818 0.753072 0.748548 0.835362 1.016454 1.063779 1.045528 
-0.209204 -0.145868 0.077223 0.173836 0.241783 0.348128 0.430411 0.491553 0.586938 0.686601 0.764783 0.839725 0.885593 0.901356 0.96072 1.084926 1.15213 1.170739 1.198921 
-0.05483 0.002616 0.162585 0.277467 0.364652 0.48945 0.649195 0.7815 0.882031 0.963712 1.034006 1.101141 1.145682 1.175101 1.204469 1.22098 1.247813 1.371562 1.499103 
0.119145 0.170202 0.273602 0.382087 0.459452 0.574158 0.722995 0.846442 0.943202 1.024988 1.095054 1.1546 1.197638 1.229531 1.251493 1.272017 1.370202 1.56008 1.623827 
0.259649 0.326144 0.454728 0.573121 0.617815 0.70514 0.820593 0.921223 1.013751 1.097814 1.173943 1.235503 1.280757 1.320365 1.360065 1.430209 1.567508 1.653963 1.663429 
0.360407 0.45067 0.599247 0.738274 0.854916 0.967072 1.065613 1.170867 1.277372 1.373562 1.461551 1.528219 1.579515 1.621299 1.65193 1.681528 1.70351 1.702484 1.694727 
0.428698 0.530832 0.679265 0.796268 0.905078 1.017436 1.119483 1.237435 1.35306 1.453216 1.540989 1.607454 1.659524 1.697641 1.720389 1.729703 1.728489 1.720405 1.713619 
