-0.028237 -0.11486 -0.201484 -0.288107 -0.374731 -0.461354 -0.547978 -0.634602 -0.721225 -0.807849 -0.894472 -0.981096 -1.067719 -1.154343 -1.240966 -1.32759 -1.414214 
0.056613 -0.03001 -0.116634 -0.203257 -0.289881 -0.376504 -0.463128 -0.549752 -0.636375 -0.722999 -0.809622 -0.896246 -0.982869 -1.069493 -1.156116 -1.24274 -1.329364 
0.141463 0.05484 -0.031784 -0.118407 -0.205031 -0.291654 -0.378278 -0.464902 -0.551525 -0.638149 -0.724772 -0.811396 -0.898019 -0.984643 -1.071266 -1.15789 -1.244514 
0.226313 0.13969 0.053066 -0.033557 -0.120181 -0.206804 -0.293428 -0.380051 -0.466675 -0.553299 -0.639922 -0.726546 -0.813169 -0.899793 -0.986416 -1.07304 -1.159664 
0.311163 0.22454 0.137916 0.051293 -0.035331 -0.121954 -0.208578 -0.295201 -0.381825 -0.468449 -0.555072 -0.641696 -0.728319 -0.814943 -0.901566 -0.98819 -1.074814 
0.396013 0.30939 0.222766 0.136143 0.049519 -0.037104 -0.123728 -0.210351 -0.296975 -0.383599 -0.470222 -0.556846 -0.643469 -0.730093 -0.816716 -0.90334 -0.989964 
0.480863 0.39424 0.307616 0.220993 0.134369 0.047746 -0.038878 -0.125501 -0.212125 -0.298749 -0.385372 -0.471996 -0.558619 -0.645243 -0.731866 -0.81849 -0.905113 
0.565713 0.47909 0.392466 0.305843 0.219219 0.132596 0.045972 -0.040651 -0.127275 -0.213899 -0.300522 -0.387146 -0.473769 -0.560393 -0.647016 -0.73364 -0.820263 
0.650563 0.56394 0.477316 0.390693 0.304069 0.217446 0.130822 0.044199 -0.042425 -0.129049 -0.215672 -0.302296 -0.388919 -0.475543 -0.562166 -0.64879 -0.735413 
0.735413 0.64879 0.562166 0.475543 0.388919 0.302296 0.215672 0.129049 0.042425 -0.044199 -0.130822 -0.217446 -0.304069 -0.390693 -0.477316 -0.56394 -0.650563 
0.820263 0.73364 0.647016 0.560393 0.473769 0.387146 0.300522 0.213899 0.127275 0.040651 -0.045972 -0.132596 -0.219219 -0.305843 -0.392466 -0.47909 -0.565713 
0.905113 0.81849 0.731866 0.645243 0.558619 0.471996 0.385372 0.298749 0.212125 0.125501 0.038878 -0.047746 -0.134369 -0.220993 -0.307616 -0.39424 -0.480863 
0.989964 0.90334 0.816716 0.730093 0.643469 0.556846 0.470222 0.383599 0.296975 0.210351 0.123728 0.037104 -0.049519 -0.136143 -0.222766 -0.30939 -0.396013 
1.074814 0.98819 0.901566 0.814943 0.728319 0.641696 0.555072 0.468449 0.381825 0.295201 0.208578 0.121954 0.035331 -0.051293 -0.137916 -0.22454 -0.311163 
1.159664 1.07304 0.986416 0.899793 0.813169 0.726546 0.639922 0.553299 0.466675 0.380051 0.293428 0.206804 0.120181 0.033557 -0.053066 -0.13969 -0.226313 
1.244514 1.15789 1.071266 0.984643 0.898019 0.811396 0.724772 0.638149 0.551525 0.464902 0.378278 0.291654 0.205031 0.118407 0.031784 -0.05484 -0.141463 
1.329364 1.24274 1.156116 1.069493 0.982869 0.896246 0.809622 0.722999 0.636375 0.549752 0.463128 0.376504 0.289881 0.203257 0.116634 0.03001 -0.056613 
1.414214 1.32759 1.240966 1.154343 1.067719 0.981096 0.894472 0.807849 0.721225 0.634602 0.547978 0.461354 0.374731 0.288107 0.201484 0.11486 0.028237 
