1.277975 1.185015 1.046458 0.906175 0.767265 0.584384 0.365696 0.186413 0.026476 -0.139818 -0.303417 -0.493635 -0.735877 -0.984616 -1.21035 -1.425857 -1.570708 
1.308212 1.224854 1.095778 0.9397 0.771948 0.565015 0.345549 0.174324 0.021061 -0.13389 -0.295378 -0.486208 -0.733759 -0.991318 -1.21296 -1.432873 -1.575935 
1.394601 1.31859 1.206774 1.03826 0.818457 0.556713 0.316983 0.156772 0.012124 -0.140511 -0.308863 -0.498441 -0.728214 -0.969027 -1.197719 -1.440437 -1.586034 
1.506141 1.426382 1.329114 1.188763 0.905633 0.47102 0.197465 0.067827 -0.054493 -0.200519 -0.357877 -0.518851 -0.709257 -0.917636 -1.158816 -1.424691 -1.573294 
1.580854 1.506599 1.411904 1.272055 0.809972 0.264872 0.09055 -0.003749 -0.103966 -0.228106 -0.357947 -0.495508 -0.675712 -0.876459 -1.114672 -1.375074 -1.522603 
1.633875 1.565223 1.460043 1.202869 0.534225 0.204056 0.087352 -0.016689 -0.114934 -0.225663 -0.33721 -0.45626 -0.628772 -0.830398 -1.048841 -1.275481 -1.423653 
1.686515 1.613006 1.474699 1.017914 0.394373 0.210436 0.100808 -0.013798 -0.110595 -0.214227 -0.318363 -0.43046 -0.587646 -0.778015 -0.973525 -1.158608 -1.300837 
1.725021 1.647823 1.462469 0.833027 0.335327 0.207149 0.107375 0.005637 -0.087532 -0.198088 -0.313947 -0.433796 -0.571032 -0.724636 -0.912537 -1.099838 -1.237342 
1.732271 1.659744 1.429529 0.681958 0.28793 0.183686 0.102368 0.026944 -0.059874 -0.191984 -0.335036 -0.462621 -0.597246 -0.758041 -0.997338 -1.197862 -1.293105 
1.724233 1.654799 1.360595 0.551604 0.248801 0.158025 0.086228 0.017097 -0.081961 -0.241778 -0.39685 -0.539002 -0.7008 -0.885666 -1.115992 -1.264754 -1.335426 
1.699062 1.62588 1.251751 0.457538 0.233039 0.147353 0.068705 -0.015183 -0.133186 -0.287365 -0.426466 -0.575149 -0.738691 -0.903156 -1.123533 -1.305369 -1.40248 
1.638581 1.572756 1.257077 0.490043 0.233356 0.142758 0.052799 -0.051168 -0.173715 -0.308121 -0.437276 -0.591922 -0.761387 -0.927562 -1.150782 -1.374226 -1.505105 
1.57243 1.50531 1.309925 0.734486 0.28321 0.141339 0.043756 -0.069963 -0.191154 -0.31569 -0.44758 -0.606052 -0.776208 -0.953215 -1.198661 -1.45924 -1.600663 
1.511243 1.427852 1.287327 1.030171 0.543451 0.22494 0.077784 -0.053666 -0.181843 -0.311179 -0.453107 -0.616757 -0.787025 -0.968844 -1.229876 -1.51949 -1.661216 
1.459973 1.370759 1.237864 1.078693 0.804437 0.488217 0.254601 0.07283 -0.080738 -0.245283 -0.406319 -0.587494 -0.792454 -0.995956 -1.250111 -1.533194 -1.672684 
1.415122 1.324229 1.168803 0.990176 0.794585 0.586179 0.363298 0.179056 0.029919 -0.159713 -0.329749 -0.510594 -0.788429 -1.032062 -1.24279 -1.47584 -1.615322 
1.367031 1.276414 1.099808 0.922053 0.774656 0.601189 0.374351 0.193017 0.048739 -0.14749 -0.323231 -0.50423 -0.79141 -1.02781 -1.213596 -1.420981 -1.552781 
