-0.944731 -0.969685 -1.026599 -1.10981 -1.193424 -1.281713 -1.375746 -1.449721 -1.49987 -1.543279 -1.580733 -1.616695 -1.648715 -1.666056 -1.690261 -1.722136 -1.732456 
-0.883196 -0.898623 -0.950001 -1.034285 -1.120364 -1.214945 -1.310912 -1.383731 -1.436995 -1.481425 -1.516547 -1.545584 -1.57314 -1.590486 -1.611192 -1.632719 -1.634767 
-0.754123 -0.760526 -0.79857 -0.881711 -0.990847 -1.099549 -1.184527 -1.236569 -1.271883 -1.294777 -1.292818 -1.27446 -1.271364 -1.29657 -1.326509 -1.325521 -1.314931 
-0.598967 -0.617071 -0.644299 -0.705099 -0.807196 -0.849887 -0.846655 -0.857944 -0.861333 -0.864995 -0.872644 -0.895422 -0.937629 -0.98857 -1.028675 -1.030594 -1.017552 
-0.496593 -0.506585 -0.52178 -0.550344 -0.551743 -0.509573 -0.531472 -0.569155 -0.599776 -0.645336 -0.703242 -0.766151 -0.835963 -0.893678 -0.932874 -0.941497 -0.931945 
-0.412454 -0.403892 -0.403159 -0.393229 -0.330409 -0.337741 -0.394285 -0.44781 -0.493152 -0.552535 -0.620613 -0.687477 -0.76235 -0.821395 -0.858598 -0.881087 -0.883804 
-0.292338 -0.285707 -0.285616 -0.251795 -0.201391 -0.220765 -0.27188 -0.334023 -0.399246 -0.477186 -0.554739 -0.621319 -0.689198 -0.745071 -0.782395 -0.811665 -0.824154 
-0.149302 -0.154015 -0.161562 -0.127601 -0.098195 -0.107824 -0.138836 -0.202923 -0.28905 -0.389957 -0.48229 -0.560152 -0.627017 -0.65726 -0.632389 -0.5561 -0.48675 
-0.001259 -0.011487 -0.028487 -0.016477 -0.000288 0.00298 -0.005093 -0.032024 -0.067002 -0.099797 -0.150591 -0.250966 -0.327604 -0.222213 0.162311 0.52923 0.665237 
0.129845 0.118109 0.100731 0.103609 0.114907 0.123455 0.132335 0.160091 0.24411 0.387651 0.487106 0.530263 0.576089 0.67273 0.822117 0.897311 0.910599 
0.258891 0.250436 0.231504 0.21984 0.230203 0.238053 0.256114 0.313569 0.430414 0.564753 0.652026 0.721197 0.793097 0.858972 0.924362 0.949875 0.947642 
0.404996 0.408421 0.399101 0.334466 0.325241 0.34323 0.376771 0.450202 0.557497 0.65429 0.722969 0.789315 0.855943 0.914767 0.970372 0.988638 0.981502 
0.526853 0.551708 0.591256 0.525385 0.435579 0.444684 0.490694 0.569943 0.662989 0.742914 0.810412 0.875812 0.931503 0.978166 1.018493 1.029144 1.021203 
0.661978 0.692284 0.747339 0.766417 0.67426 0.614412 0.632301 0.699044 0.779233 0.851518 0.914798 0.961524 0.999577 1.03978 1.076437 1.087527 1.083294 
0.7791 0.801709 0.854334 0.934913 1.018493 1.046109 1.05153 1.081069 1.105744 1.141324 1.17122 1.146898 1.142444 1.20417 1.273802 1.286999 1.275034 
0.863 0.891699 0.966633 1.085293 1.196483 1.274839 1.350891 1.411614 1.444383 1.491985 1.529791 1.528233 1.552341 1.623676 1.668518 1.664155 1.643334 
0.934382 0.972646 1.072232 1.189268 1.266389 1.336112 1.43032 1.498031 1.535134 1.591384 1.639726 1.67473 1.73486 1.782982 1.804704 1.812514 1.816504 
