-1.414214 -1.362012 -1.30981 -1.257609 -1.205407 -1.153206 -1.101004 -1.048802 -0.996601 -0.944399 -0.892198 -0.839996 -0.787794 -0.735593 -0.683391 -0.631189 -0.578988 -0.526786 -0.474585 -0.422383 
-1.317551 -1.265349 -1.213147 -1.160946 -1.108744 -1.056543 -1.004341 -0.952139 -0.899938 -0.847736 -0.795535 -0.743333 -0.691131 -0.63893 -0.586728 -0.534527 -0.482325 -0.430123 -0.377922 -0.32572 
-1.220888 -1.168686 -1.116484 -1.064283 -1.012081 -0.95988 -0.907678 -0.855476 -0.803275 -0.751073 -0.698872 -0.64667 -0.594468 -0.542267 -0.490065 -0.437864 -0.385662 -0.33346 -0.281259 -0.229057 
-1.124225 -1.072023 -1.019821 -0.96762 -0.915418 -0.863217 -0.811015 -0.758813 -0.706612 -0.65441 -0.602209 -0.550007 -0.497805 -0.445604 -0.393402 -0.341201 -0.288999 -0.236797 -0.184596 -0.132394 
-1.027562 -0.97536 -0.923158 -0.870957 -0.818755 -0.766554 -0.714352 -0.66215 -0.609949 -0.557747 -0.505546 -0.453344 -0.401142 -0.348941 -0.296739 -0.244538 -0.192336 -0.140134 -0.087933 -0.035731 
-0.930899 -0.878697 -0.826495 -0.774294 -0.722092 -0.669891 -0.617689 -0.565487 -0.513286 -0.461084 -0.408883 -0.356681 -0.304479 -0.252278 -0.200076 -0.147875 -0.095673 -0.043471 0.00873 0.060932 
-0.834236 -0.782034 -0.729832 -0.677631 -0.625429 -0.573228 -0.521026 -0.468824 -0.416623 -0.364421 -0.31222 -0.260018 -0.207816 -0.155615 -0.103413 -0.051212 0.00099 0.053192 0.105393 0.157595 
-0.737573 -0.685371 -0.633169 -0.580968 -0.528766 -0.476565 -0.424363 -0.372161 -0.31996 -0.267758 -0.215557 -0.163355 -0.111153 -0.058952 -0.00675 0.045451 0.097653 0.149855 0.202056 0.254258 
-0.64091 -0.588708 -0.536507 -0.484305 -0.432103 -0.379902 -0.3277 -0.275498 -0.223297 -0.171095 -0.118894 -0.066692 -0.01449 0.037711 0.089913 0.142114 0.194316 0.246518 0.298719 0.350921 
-0.544247 -0.492045 -0.439844 -0.387642 -0.33544 -0.283239 -0.231037 -0.178836 -0.126634 -0.074432 -0.022231 0.029971 0.082173 0.134374 0.186576 0.238777 0.290979 0.343181 0.395382 0.447584 
-0.447584 -0.395382 -0.343181 -0.290979 -0.238777 -0.186576 -0.134374 -0.082173 -0.029971 0.022231 0.074432 0.126634 0.178836 0.231037 0.283239 0.33544 0.387642 0.439844 0.492045 0.544247 
-0.350921 -0.298719 -0.246518 -0.194316 -0.142114 -0.089913 -0.037711 0.01449 0.066692 0.118894 0.171095 0.223297 0.275498 0.3277 0.379902 0.432103 0.484305 0.536507 0.588708 0.64091 
-0.254258 -0.202056 -0.149855 -0.097653 -0.045451 0.00675 0.058952 0.111153 0.163355 0.215557 0.267758 0.31996 0.372161 0.424363 0.476565 0.528766 0.580968 0.633169 0.685371 0.737573 
-0.157595 -0.105393 -0.053192 -0.00099 0.051212 0.103413 0.155615 0.207816 0.260018 0.31222 0.364421 0.416623 0.468824 0.521026 0.573228 0.625429 0.677631 0.729832 0.782034 0.834236 
-0.060932 -0.00873 0.043471 0.095673 0.147875 0.200076 0.252278 0.304479 0.356681 0.408883 0.461084 0.513286 0.565487 0.617689 0.669891 0.722092 0.774294 0.826495 0.878697 0.930899 
0.035731 0.087933 0.140134 0.192336 0.244538 0.296739 0.348941 0.401142 0.453344 0.505546 0.557747 0.609949 0.66215 0.714352 0.766554 0.818755 0.870957 0.923158 0.97536 1.027562 
0.132394 0.184596 0.236797 0.288999 0.341201 0.393402 0.445604 0.497805 0.550007 0.602209 0.65441 0.706612 0.758813 0.811015 0.863217 0.915418 0.96762 1.019821 1.072023 1.124225 
0.229057 0.281259 0.33346 0.385662 0.437864 0.490065 0.542267 0.594468 0.64667 0.698872 0.751073 0.803275 0.855476 0.907678 0.95988 1.012081 1.064283 1.116484 1.168686 1.220888 
0.32572 0.377922 0.430123 0.482325 0.534527 0.586728 0.63893 0.691131 0.743333 0.795535 0.847736 0.899938 0.952139 1.004341 1.056543 1.108744 1.160946 1.213147 1.265349 1.317551 
0.422383 0.474585 0.526786 0.578988 0.631189 0.683391 0.735593 0.787794 0.839996 0.892198 0.944399 0.996601 1.048802 1.101004 1.153206 1.205407 1.257609 1.30981 1.362012 1.414214 
