1.916443 1.827872 1.718728 1.598708 1.44434 1.304737 1.217799 1.143575 1.059448 0.854121 0.662324 0.631612 0.601125 0.554044 0.522446 0.515603 0.51141 0.509268 0.518599 
1.914472 1.811312 1.683879 1.550152 1.395763 1.274244 1.187838 1.094087 0.981569 0.804381 0.646151 0.596509 0.555347 0.512701 0.487908 0.469239 0.434731 0.406212 0.402619 
1.943695 1.812204 1.637272 1.482319 1.338851 1.223581 1.115998 0.999328 0.879173 0.744495 0.623171 0.553416 0.502746 0.46457 0.417194 0.288528 0.125624 0.028118 -0.035629 
1.968474 1.863259 1.643463 1.438235 1.278453 1.145923 1.016471 0.898196 0.799139 0.700133 0.595959 0.520091 0.468406 0.409057 0.21924 -0.134301 -0.304192 -0.380531 -0.434846 
1.914044 1.814237 1.625861 1.451379 1.2612 1.070993 0.919647 0.809375 0.727069 0.648362 0.556172 0.485038 0.434288 0.295086 -0.093906 -0.348589 -0.429127 -0.49255 -0.533034 
1.783771 1.694827 1.557545 1.437176 1.304681 1.055745 0.830203 0.733633 0.669132 0.600223 0.518403 0.458033 0.383658 0.067623 -0.294141 -0.403085 -0.463999 -0.528708 -0.567979 
1.646803 1.595979 1.489808 1.375573 1.265196 1.06667 0.797052 0.687798 0.62563 0.556477 0.488214 0.432664 0.273413 -0.186135 -0.376287 -0.428001 -0.484354 -0.54846 -0.592044 
1.56011 1.515146 1.405605 1.278627 1.141867 0.980421 0.804378 0.662473 0.57843 0.513814 0.460006 0.367483 0.032321 -0.331675 -0.411344 -0.45101 -0.504155 -0.561735 -0.603984 
1.470719 1.405713 1.270606 1.123276 0.976156 0.855668 0.754408 0.652756 0.553989 0.478961 0.376388 0.095206 -0.26423 -0.400261 -0.441565 -0.483033 -0.528695 -0.570593 -0.604498 
1.360765 1.272262 1.112292 0.972135 0.85506 0.764039 0.693339 0.632153 0.55879 0.397627 0.022407 -0.286123 -0.394059 -0.441142 -0.484455 -0.531393 -0.567137 -0.591855 -0.61181 
1.214129 1.104339 0.959659 0.857333 0.763503 0.690995 0.641589 0.592498 0.525499 0.252827 -0.269453 -0.401188 -0.441196 -0.488213 -0.544364 -0.594064 -0.630452 -0.66415 -0.683927 
0.842244 0.79158 0.757643 0.723431 0.673863 0.630291 0.590041 0.538375 0.468905 0.186582 -0.328506 -0.447242 -0.493304 -0.549647 -0.607032 -0.66206 -0.727727 -0.820696 -0.892967 
0.678822 0.665101 0.645896 0.624269 0.596594 0.564405 0.524711 0.473304 0.391565 0.115778 -0.354048 -0.488008 -0.5524 -0.618426 -0.685434 -0.768532 -0.870671 -0.989807 -1.086312 
0.650498 0.630596 0.599481 0.560598 0.523225 0.497297 0.459512 0.368775 0.145696 -0.170887 -0.398508 -0.509735 -0.606956 -0.699187 -0.81394 -0.940374 -1.044342 -1.151074 -1.230577 
0.636135 0.606977 0.563961 0.510389 0.469267 0.438773 0.326184 0.04623 -0.243448 -0.377937 -0.446318 -0.521981 -0.648957 -0.803766 -0.963083 -1.093769 -1.196459 -1.285216 -1.334731 
0.630543 0.593982 0.539404 0.481416 0.42992 0.301691 -0.070051 -0.314387 -0.399777 -0.444538 -0.496283 -0.565499 -0.673476 -0.886707 -1.091948 -1.240971 -1.354083 -1.427045 -1.459433 
0.610362 0.568799 0.510592 0.45711 0.365042 0.01634 -0.323687 -0.408236 -0.455447 -0.506049 -0.567589 -0.643688 -0.749715 -0.916902 -1.176094 -1.392136 -1.510418 -1.593511 -1.638479 
0.569957 0.535935 0.483524 0.409843 0.182177 -0.249586 -0.394904 -0.443976 -0.501984 -0.559856 -0.636863 -0.743905 -0.866421 -0.991925 -1.201483 -1.487601 -1.625566 -1.724703 -1.793866 
0.528761 0.498875 0.413269 0.171506 -0.180463 -0.373889 -0.428541 -0.48054 -0.545764 -0.605497 -0.716736 -0.867537 -0.998158 -1.125835 -1.288875 -1.494547 -1.683209 -1.819219 -1.891085 
0.415958 0.347499 0.087893 -0.26612 -0.389006 -0.431467 -0.473574 -0.53336 -0.59457 -0.668383 -0.824991 -0.985564 -1.109339 -1.244718 -1.380579 -1.506696 -1.673063 -1.853422 -1.933141 
-0.075625 -0.143681 -0.31345 -0.425726 -0.456855 -0.48219 -0.521948 -0.567548 -0.618522 -0.731719 -0.936726 -1.091302 -1.219047 -1.349787 -1.464502 -1.577155 -1.703623 -1.83787 -1.925695 
-0.44187 -0.449085 -0.479541 -0.504943 -0.518099 -0.531749 -0.555647 -0.584982 -0.629524 -0.781728 -1.050181 -1.217747 -1.34687 -1.451959 -1.544256 -1.642436 -1.746462 -1.853338 -1.927606 
-0.532685 -0.534012 -0.548455 -0.565705 -0.573657 -0.574781 -0.585898 -0.604877 -0.639193 -0.796405 -1.139385 -1.312404 -1.414717 -1.498513 -1.58272 -1.671974 -1.769191 -1.873079 -1.943797 
