0.552352 0.570178 0.578047 0.57436 0.567388 0.569696 0.590733 0.617279 0.651144 0.835254 1.115335 1.213392 1.302988 1.416643 1.526156 1.628347 1.729343 1.836357 1.902842 
0.442907 0.485502 0.507545 0.508645 0.51031 0.52565 0.55419 0.591783 0.63836 0.771772 1.000091 1.142864 1.253422 1.368772 1.485437 1.612083 1.738303 1.843129 1.908033 
0.00409 0.192005 0.364282 0.428505 0.452738 0.475887 0.50835 0.557655 0.624522 0.731571 0.882248 1.023607 1.157774 1.280497 1.411257 1.591814 1.759427 1.865652 1.930349 
-0.404247 -0.260747 0.031735 0.263939 0.382063 0.430706 0.469484 0.522983 0.592239 0.685862 0.809459 0.917933 1.026562 1.158656 1.347414 1.594482 1.757848 1.874516 1.942154 
-0.514928 -0.461854 -0.342386 -0.157731 0.138217 0.355171 0.439102 0.490231 0.546539 0.618362 0.722695 0.816515 0.898665 1.043423 1.322259 1.538514 1.681701 1.825731 1.910524 
-0.545884 -0.503386 -0.438252 -0.377 -0.239789 0.117394 0.383113 0.454807 0.50389 0.562447 0.640265 0.718086 0.805455 1.017976 1.267357 1.421645 1.559833 1.707588 1.802869 
-0.560977 -0.526184 -0.469807 -0.424663 -0.379759 -0.19133 0.232097 0.407076 0.465146 0.516754 0.579067 0.64333 0.745896 0.999313 1.159542 1.279946 1.407079 1.519516 1.582815 
-0.576984 -0.550492 -0.500169 -0.45093 -0.416224 -0.350531 -0.097325 0.246644 0.40309 0.470267 0.52523 0.58973 0.712234 0.889067 1.001301 1.112717 1.231448 1.328877 1.386526 
-0.593476 -0.571137 -0.533108 -0.491499 -0.44939 -0.412581 -0.349721 -0.159612 0.177473 0.394388 0.481876 0.56126 0.667271 0.765762 0.849639 0.950563 1.069409 1.181838 1.262812 
-0.619744 -0.600036 -0.573289 -0.545715 -0.496237 -0.448407 -0.413989 -0.362394 -0.195193 0.16702 0.44533 0.544362 0.609352 0.676843 0.738325 0.818823 0.92869 1.039606 1.135187 
-0.69583 -0.679684 -0.638792 -0.606403 -0.558473 -0.503021 -0.457904 -0.422832 -0.365067 -0.073016 0.409944 0.516341 0.562067 0.614499 0.65846 0.705911 0.780856 0.865772 0.948755 
-0.984094 -0.937535 -0.811914 -0.708905 -0.635253 -0.5754 -0.519467 -0.473054 -0.422359 -0.156698 0.355621 0.474622 0.51211 0.556951 0.604127 0.639014 0.67214 0.704616 0.734102 
-1.162302 -1.097908 -0.97153 -0.834962 -0.730958 -0.660182 -0.596115 -0.529542 -0.467441 -0.258347 0.232839 0.413805 0.463635 0.500244 0.54842 0.589791 0.612393 0.631846 0.643095 
-1.291814 -1.2342 -1.12964 -0.988037 -0.859685 -0.757053 -0.668422 -0.581855 -0.499197 -0.389717 -0.1257 0.208383 0.397016 0.458202 0.490473 0.524447 0.556692 0.591917 0.613582 
-1.479733 -1.409924 -1.312519 -1.169147 -1.019374 -0.879375 -0.729417 -0.608433 -0.514853 -0.453001 -0.380463 -0.213695 0.139251 0.384522 0.446821 0.474007 0.509009 0.562995 0.599809 
-1.630374 -1.548508 -1.440323 -1.304294 -1.15861 -1.009485 -0.788335 -0.647911 -0.557878 -0.489697 -0.438451 -0.38477 -0.22954 0.15463 0.38504 0.439921 0.468967 0.52829 0.584568 
-1.753592 -1.67906 -1.558574 -1.429084 -1.270491 -1.028401 -0.820498 -0.711008 -0.623581 -0.550381 -0.487933 -0.438994 -0.381172 -0.193806 0.201501 0.396816 0.439599 0.489993 0.549482 
-1.872204 -1.801523 -1.67121 -1.530793 -1.329552 -1.019563 -0.874073 -0.769419 -0.673986 -0.607303 -0.54444 -0.488437 -0.439578 -0.374072 -0.128877 0.268954 0.408339 0.469616 0.514744 
-1.948113 -1.889521 -1.755284 -1.54088 -1.305364 -1.098446 -0.9684 -0.846395 -0.730709 -0.657294 -0.587891 -0.529258 -0.482082 -0.438098 -0.362778 -0.110292 0.247327 0.430397 0.485858 
-1.977239 -1.919301 -1.742993 -1.481401 -1.325121 -1.2041 -1.090038 -0.968656 -0.839688 -0.730358 -0.628255 -0.55866 -0.514688 -0.473422 -0.434211 -0.367695 -0.150302 0.19143 0.342755 
-1.977957 -1.892202 -1.700043 -1.50699 -1.375636 -1.267002 -1.165853 -1.064584 -0.958149 -0.814385 -0.662484 -0.587083 -0.545887 -0.51553 -0.486259 -0.454375 -0.395691 -0.269366 -0.148543 
-1.97654 -1.894505 -1.738847 -1.570719 -1.430246 -1.310444 -1.209148 -1.119332 -1.032246 -0.879164 -0.68777 -0.620717 -0.586566 -0.565658 -0.548333 -0.521486 -0.482881 -0.442842 -0.413921 
-1.976128 -1.899465 -1.762923 -1.615101 -1.478748 -1.348585 -1.239298 -1.157086 -1.078857 -0.930555 -0.699241 -0.636029 -0.61195 -0.596367 -0.58644 -0.568872 -0.53529 -0.499196 -0.480081 
