1.414214 1.327302 1.240391 1.15348 1.066569 0.979658 0.892747 0.805836 0.718924 0.632013 0.545102 0.458191 0.37128 0.284369 0.197457 0.110546 0.023635 
1.324348 1.237437 1.150526 1.063615 0.976703 0.889792 0.802881 0.71597 0.629059 0.542148 0.455237 0.368325 0.281414 0.194503 0.107592 0.020681 -0.06623 
1.234482 1.147571 1.06066 0.973749 0.886838 0.799927 0.713016 0.626104 0.539193 0.452282 0.365371 0.27846 0.191549 0.104638 0.017726 -0.069185 -0.156096 
1.144617 1.057706 0.970795 0.883883 0.796972 0.710061 0.62315 0.536239 0.449328 0.362417 0.275505 0.188594 0.101683 0.014772 -0.072139 -0.15905 -0.245961 
1.054751 0.96784 0.880929 0.794018 0.707107 0.620196 0.533284 0.446373 0.359462 0.272551 0.18564 0.098729 0.011818 -0.075094 -0.162005 -0.248916 -0.335827 
0.964886 0.877975 0.791064 0.704152 0.617241 0.53033 0.443419 0.356508 0.269597 0.182685 0.095774 0.008863 -0.078048 -0.164959 -0.25187 -0.338781 -0.425693 
0.87502 0.788109 0.701198 0.614287 0.527376 0.440465 0.353553 0.266642 0.179731 0.09282 0.005909 -0.081002 -0.167914 -0.254825 -0.341736 -0.428647 -0.515558 
0.785155 0.698244 0.611332 0.524421 0.43751 0.350599 0.263688 0.176777 0.089866 0.002954 -0.083957 -0.170868 -0.257779 -0.34469 -0.431601 -0.518513 -0.605424 
0.695289 0.608378 0.521467 0.434556 0.347645 0.260733 0.173822 0.086911 0.0 -0.086911 -0.173822 -0.260733 -0.347645 -0.434556 -0.521467 -0.608378 -0.695289 
0.605424 0.518513 0.431601 0.34469 0.257779 0.170868 0.083957 -0.002954 -0.089866 -0.176777 -0.263688 -0.350599 -0.43751 -0.524421 -0.611332 -0.698244 -0.785155 
0.515558 0.428647 0.341736 0.254825 0.167914 0.081002 -0.005909 -0.09282 -0.179731 -0.266642 -0.353553 -0.440465 -0.527376 -0.614287 -0.701198 -0.788109 -0.87502 
0.425693 0.338781 0.25187 0.164959 0.078048 -0.008863 -0.095774 -0.182685 -0.269597 -0.356508 -0.443419 -0.53033 -0.617241 -0.704152 -0.791064 -0.877975 -0.964886 
0.335827 0.248916 0.162005 0.075094 -0.011818 -0.098729 -0.18564 -0.272551 -0.359462 -0.446373 -0.533284 -0.620196 -0.707107 -0.794018 -0.880929 -0.96784 -1.054751 
0.245961 0.15905 0.072139 -0.014772 -0.101683 -0.188594 -0.275505 -0.362417 -0.449328 -0.536239 -0.62315 -0.710061 -0.796972 -0.883883 -0.970795 -1.057706 -1.144617 
0.156096 0.069185 -0.017726 -0.104638 -0.191549 -0.27846 -0.365371 -0.452282 -0.539193 -0.626104 -0.713016 -0.799927 -0.886838 -0.973749 -1.06066 -1.147571 -1.234482 
0.06623 -0.020681 -0.107592 -0.194503 -0.281414 -0.368325 -0.455237 -0.542148 -0.629059 -0.71597 -0.802881 -0.889792 -0.976703 -1.063615 -1.150526 -1.237437 -1.324348 
-0.023635 -0.110546 -0.197457 -0.284369 -0.37128 -0.458191 -0.545102 -0.632013 -0.718924 -0.805836 -0.892747 -0.979658 -1.066569 -1.15348 -1.240391 -1.327302 -1.414214 
