map size - [34, 33]
quantization error - 0.023037647545
topographic error - 0.0516666666667
topographic error and quantization error average - 0.0373521571058
density - 0.534759358289
HIT map - 
1 1 1 0 1 0 1 1 0 1 1 0 1 0 1 1 0 1 1 0 2 0 1 2 1 2 1 0 0 1 1 1 2 
0 0 0 0 1 1 1 0 0 0 1 1 1 0 2 0 0 1 0 2 0 1 1 0 2 0 1 0 0 0 0 1 2 
1 0 1 0 0 0 0 0 1 2 0 0 1 0 1 0 1 1 1 0 2 2 0 0 0 0 1 0 1 4 0 1 0 
0 1 0 0 0 0 2 0 0 0 0 0 0 0 0 1 0 0 0 1 0 0 0 2 0 2 0 0 0 0 0 1 2 
1 0 1 1 1 0 0 2 0 0 0 0 0 0 1 1 0 1 0 1 0 2 0 0 0 2 0 0 1 3 1 1 1 
0 0 0 0 0 0 0 0 1 1 0 2 0 1 0 2 0 0 1 1 0 0 0 0 0 1 0 0 0 0 0 0 0 
1 0 1 0 0 0 0 0 0 1 0 1 1 0 2 0 0 1 1 0 0 2 1 1 1 0 0 0 0 0 0 0 0 
1 0 0 1 0 1 2 0 1 0 1 0 1 0 0 0 0 1 0 1 0 1 0 1 0 0 0 1 2 0 2 0 3 
1 0 0 0 0 0 0 1 0 2 0 0 0 2 1 1 1 2 1 1 0 2 0 0 0 0 1 1 0 1 0 0 1 
1 0 0 2 1 0 0 1 0 0 1 0 0 1 0 1 1 0 0 1 2 0 0 0 0 2 0 2 1 2 1 0 2 
1 0 1 0 0 1 0 0 0 1 0 1 1 0 0 1 0 1 0 0 1 0 0 0 0 0 2 0 0 1 0 1 2 
0 1 0 1 1 0 1 1 0 1 1 0 2 0 0 1 0 1 0 1 0 0 1 1 0 1 0 1 0 0 1 0 1 
0 0 0 0 1 0 0 0 0 1 1 1 0 1 0 2 0 0 1 0 0 0 1 0 2 0 2 0 1 2 0 1 1 
1 0 0 1 0 1 1 0 1 1 0 1 0 0 2 0 0 0 0 0 1 0 1 1 0 0 1 0 0 0 1 0 1 
0 0 1 0 1 0 0 1 1 0 0 1 0 0 1 1 2 0 0 0 0 1 1 0 0 1 0 1 2 0 0 0 2 
1 0 0 2 0 1 1 1 0 1 1 0 0 0 1 0 0 0 0 1 1 0 0 0 2 2 0 0 1 0 1 0 2 
1 1 0 0 1 0 0 0 0 1 0 0 2 0 1 0 0 0 1 0 0 1 1 1 0 0 0 1 0 2 1 0 0 
1 0 1 1 1 0 0 3 0 0 1 0 0 1 0 0 0 0 1 0 1 1 0 0 1 0 0 1 0 0 0 1 2 
1 0 1 0 1 0 0 0 0 0 2 0 1 0 0 0 1 1 0 0 0 2 0 2 0 0 1 0 0 1 1 1 0 
2 0 1 0 1 1 2 0 1 0 1 0 1 0 0 1 1 0 0 2 1 1 0 0 0 1 0 1 0 1 1 0 1 
1 1 0 1 1 0 1 0 3 0 0 0 0 0 0 1 0 0 1 0 0 0 1 1 0 0 1 0 0 1 0 0 0 
0 1 1 2 0 1 0 0 1 0 1 0 0 0 1 0 1 1 2 0 1 0 0 0 0 0 1 0 0 0 1 0 1 
1 2 0 1 0 1 0 0 1 1 0 0 0 1 3 0 1 0 0 0 0 2 0 2 0 1 0 0 2 0 0 1 1 
1 1 0 0 2 0 1 2 0 0 0 0 1 0 0 0 0 0 2 0 1 0 2 0 0 0 0 1 0 1 1 0 1 
1 0 0 0 1 0 0 1 0 0 0 1 1 0 1 1 0 1 0 0 0 0 0 0 1 1 0 1 1 0 0 0 0 
2 1 0 2 1 0 1 0 0 0 1 1 1 0 3 0 0 2 1 1 1 1 0 0 0 1 0 0 0 0 1 0 1 
1 1 0 1 0 1 0 0 0 1 1 0 0 1 0 0 0 0 1 0 0 1 1 0 1 0 2 0 1 0 0 0 1 
1 1 2 1 1 0 0 0 2 0 0 0 1 0 0 2 1 0 1 2 0 0 0 0 0 0 0 0 1 0 1 1 0 
0 0 0 0 0 0 0 1 1 0 1 1 1 1 1 0 0 0 0 0 0 1 0 0 1 1 0 0 0 0 1 0 0 
0 0 0 0 0 0 0 1 0 1 0 2 0 0 0 1 0 1 1 1 0 1 0 1 0 1 0 1 1 0 0 0 0 
0 2 1 1 4 0 0 1 1 3 0 2 1 0 0 0 1 0 0 0 1 0 0 1 0 0 0 1 0 1 0 0 1 
2 1 1 2 0 0 0 1 0 1 0 1 1 0 0 1 0 0 1 0 0 0 2 0 0 0 2 0 1 0 1 0 0 
1 1 0 1 0 0 0 2 1 0 0 0 0 1 0 0 1 0 0 2 1 0 1 0 1 0 0 0 0 0 0 0 0 
2 1 1 1 2 0 0 1 2 1 2 1 1 2 0 2 0 2 1 1 1 0 1 2 1 0 1 1 0 0 1 0 1 

