-1.734463 -1.683509 -1.597343 -1.472521 -1.326885 -1.13131 -0.909714 -0.752639 -0.63792 -0.532472 -0.41836 -0.266103 -0.110886 0.036517 0.200016 0.355243 0.520718 0.718769 0.898485 0.994228 
-1.722299 -1.672688 -1.581655 -1.4566 -1.311446 -1.110049 -0.887961 -0.724826 -0.618198 -0.533895 -0.431221 -0.274665 -0.107316 0.022719 0.151968 0.301752 0.497948 0.763278 0.978094 1.068322 
-1.657237 -1.589354 -1.460175 -1.314075 -1.158588 -0.979545 -0.828299 -0.699383 -0.612763 -0.540191 -0.438455 -0.280962 -0.11758 -0.004261 0.087955 0.201571 0.460679 0.89666 1.093317 1.149269 
-1.561594 -1.479891 -1.345889 -1.21091 -1.067045 -0.921824 -0.810038 -0.710771 -0.622615 -0.536361 -0.42435 -0.280222 -0.13416 -0.02624 0.04271 0.113499 0.476563 1.01988 1.121808 1.155479 
-1.488909 -1.407742 -1.289897 -1.172803 -1.045206 -0.903859 -0.795777 -0.711699 -0.615243 -0.505334 -0.388947 -0.272511 -0.140092 -0.020512 0.047082 0.132495 0.541184 0.940058 1.042076 1.084402 
-1.434494 -1.356548 -1.247737 -1.140505 -1.018318 -0.876788 -0.786154 -0.722196 -0.615809 -0.471807 -0.344781 -0.239366 -0.114263 0.020078 0.121339 0.268467 0.545871 0.780721 0.909778 0.980561 
-1.422905 -1.340747 -1.232227 -1.124853 -0.996294 -0.856733 -0.782697 -0.73888 -0.644292 -0.438345 -0.265317 -0.158996 -0.050195 0.079449 0.208834 0.353559 0.525756 0.68132 0.801077 0.888323 
-1.47445 -1.377363 -1.25214 -1.118427 -0.975483 -0.845871 -0.766428 -0.714971 -0.638526 -0.419573 -0.159641 -0.058264 0.023056 0.123479 0.247848 0.383692 0.515956 0.635589 0.744579 0.829136 
-1.570547 -1.467297 -1.303087 -1.102854 -0.931785 -0.814036 -0.72001 -0.645316 -0.573268 -0.452342 -0.140278 0.021284 0.093691 0.165817 0.26184 0.391329 0.51808 0.634323 0.747126 0.823712 
-1.663476 -1.588051 -1.390927 -1.048811 -0.825006 -0.716783 -0.634541 -0.557684 -0.48647 -0.407914 -0.166991 0.102104 0.167533 0.213245 0.288163 0.414983 0.554662 0.677864 0.787208 0.855022 
-1.690163 -1.636556 -1.372213 -0.852984 -0.669051 -0.608029 -0.550889 -0.459789 -0.36711 -0.280334 -0.104762 0.13581 0.208779 0.252798 0.343953 0.492206 0.62519 0.732306 0.843549 0.914267 
-1.60945 -1.503878 -1.133086 -0.755051 -0.619386 -0.553945 -0.485473 -0.373145 -0.271592 -0.178874 -0.035919 0.131562 0.21972 0.294564 0.426307 0.581054 0.704018 0.815808 0.931261 0.993271 
-1.477546 -1.318953 -1.009833 -0.749697 -0.598841 -0.503823 -0.411214 -0.293289 -0.192215 -0.095768 0.027911 0.148948 0.23823 0.347379 0.492576 0.634287 0.781854 0.92536 1.038953 1.102247 
-1.35951 -1.189849 -0.934622 -0.696221 -0.51416 -0.394953 -0.28982 -0.180439 -0.088873 -0.004373 0.097194 0.194972 0.287582 0.410708 0.529485 0.666894 0.896625 1.082171 1.19454 1.27911 
-1.079157 -0.933196 -0.709752 -0.467079 -0.299005 -0.210399 -0.137885 -0.065023 0.010091 0.090507 0.178306 0.27016 0.383509 0.509293 0.59057 0.737117 1.142759 1.344903 1.440671 1.520369 
0.164013 0.094888 0.005937 -0.029665 -0.039483 -0.041422 -0.028179 0.013083 0.094348 0.185368 0.267247 0.379602 0.525676 0.638315 0.701878 0.870227 1.421168 1.635355 1.738018 1.818415 
0.702643 0.586486 0.384202 0.217578 0.129807 0.092816 0.084085 0.128011 0.226281 0.300215 0.372237 0.500519 0.653884 0.769413 0.862548 1.049181 1.570863 1.884345 2.035138 2.12402 
0.866359 0.775948 0.582262 0.414697 0.351266 0.370522 0.424624 0.465267 0.456793 0.440452 0.482562 0.600818 0.760824 0.905604 1.04356 1.254891 1.657175 2.060971 2.252855 2.326098 
1.027988 1.001435 0.916745 0.820718 0.782598 0.765141 0.73829 0.690567 0.619163 0.558171 0.583081 0.709005 0.875032 1.033608 1.199875 1.440126 1.768826 2.110681 2.331927 2.417865 
1.117917 1.113056 1.079551 1.013717 0.952822 0.888792 0.820735 0.761362 0.697813 0.640476 0.672103 0.799498 0.943034 1.099908 1.292028 1.548516 1.843948 2.122098 2.335173 2.44384 
