-0.875931 -0.975792 -1.160276 -1.363841 -1.505377 -1.613384 -1.685991 -1.677017 -1.592075 -1.48896 -1.420834 -1.376085 -1.351707 -1.365663 -1.424325 -1.500867 -1.586174 -1.666659 -1.705791 -1.71543 
-0.789341 -0.863868 -1.035935 -1.253874 -1.405422 -1.505432 -1.570449 -1.544514 -1.449539 -1.372056 -1.323677 -1.287407 -1.267881 -1.280626 -1.33394 -1.427265 -1.540846 -1.624053 -1.639248 -1.638082 
-0.674319 -0.693249 -0.738756 -0.826288 -0.918766 -0.984154 -1.066133 -1.156242 -1.195677 -1.197726 -1.174322 -1.143815 -1.141052 -1.160875 -1.198814 -1.285028 -1.430287 -1.499887 -1.496162 -1.507941 
-0.557438 -0.562336 -0.5687 -0.595141 -0.656269 -0.738244 -0.813206 -0.905579 -0.988469 -1.015194 -0.99681 -0.984697 -1.011531 -1.036636 -1.053231 -1.095882 -1.20802 -1.28461 -1.317603 -1.348683 
-0.4338 -0.445358 -0.46774 -0.504665 -0.56579 -0.64052 -0.699727 -0.767224 -0.838478 -0.861619 -0.847865 -0.847265 -0.874639 -0.898032 -0.902121 -0.885498 -0.890315 -1.02345 -1.111297 -1.153278 
-0.259597 -0.268461 -0.299567 -0.355916 -0.433227 -0.507282 -0.560786 -0.625777 -0.719679 -0.774371 -0.771392 -0.760092 -0.754564 -0.752777 -0.738328 -0.694675 -0.701024 -0.804426 -0.900592 -0.953741 
-0.025257 -0.03578 -0.077966 -0.152933 -0.252114 -0.353256 -0.411953 -0.458465 -0.554478 -0.68586 -0.701386 -0.667967 -0.634538 -0.618585 -0.606555 -0.595542 -0.619925 -0.682369 -0.747077 -0.791584 
0.225945 0.163385 0.078911 -0.005747 -0.088404 -0.193029 -0.266255 -0.277206 -0.276253 -0.422566 -0.58131 -0.559329 -0.511524 -0.484236 -0.495557 -0.523571 -0.55114 -0.587974 -0.620948 -0.638984 
0.469582 0.352799 0.198101 0.074131 0.008515 -0.051287 -0.117466 -0.124935 -0.092911 -0.130337 -0.399045 -0.451155 -0.398479 -0.35814 -0.36554 -0.415962 -0.455506 -0.477605 -0.490236 -0.495073 
0.697795 0.588971 0.38043 0.182525 0.128251 0.108383 0.058318 0.016279 0.022172 0.034164 -0.098472 -0.257519 -0.250309 -0.240378 -0.251601 -0.277716 -0.299767 -0.321105 -0.346415 -0.35807 
0.891193 0.832821 0.686496 0.490037 0.380011 0.300338 0.223245 0.157259 0.141126 0.152041 0.119463 -0.027604 -0.093459 -0.122595 -0.146464 -0.153291 -0.154978 -0.172785 -0.201847 -0.213577 
1.046032 1.016325 0.904305 0.71937 0.577882 0.4607 0.357625 0.267304 0.221894 0.209902 0.184632 0.099103 0.023587 -0.016109 -0.039422 -0.049752 -0.05397 -0.055248 -0.067198 -0.087767 
1.131453 1.083902 0.963719 0.813773 0.689816 0.585702 0.486931 0.381323 0.294573 0.250332 0.216108 0.167636 0.114741 0.072774 0.041267 0.021131 0.019515 0.035404 0.04212 0.032034 
1.155289 1.088994 0.981966 0.875654 0.785136 0.701228 0.611912 0.513482 0.407479 0.327066 0.268849 0.225732 0.19324 0.16625 0.13133 0.088674 0.085983 0.11827 0.143909 0.166031 
1.242925 1.159909 1.051246 0.968575 0.906337 0.826425 0.723895 0.623727 0.52143 0.437352 0.366175 0.309912 0.28361 0.274546 0.260648 0.222315 0.212132 0.246923 0.283224 0.319577 
1.813579 1.65419 1.400901 1.190123 1.059019 0.941925 0.807887 0.695382 0.598681 0.529525 0.476239 0.426578 0.402837 0.39428 0.393324 0.39628 0.388261 0.409448 0.462732 0.513568 
2.119915 1.95743 1.657035 1.375848 1.189574 1.049102 0.901827 0.770963 0.672639 0.61538 0.580243 0.542644 0.514412 0.512659 0.537164 0.585297 0.591627 0.597812 0.671395 0.732468 
2.271134 2.133717 1.833699 1.536931 1.335129 1.192335 1.064093 0.933158 0.809936 0.722436 0.675803 0.641584 0.617368 0.627664 0.673605 0.760388 0.845744 0.853126 0.882417 0.912499 
2.394392 2.296533 2.052222 1.766382 1.549394 1.358957 1.180921 1.039888 0.925337 0.819711 0.753573 0.738657 0.737022 0.743885 0.783822 0.878379 0.990081 1.042599 1.04768 1.048912 
2.442671 2.345869 2.12605 1.857722 1.640593 1.43039 1.215967 1.071895 0.978188 0.885292 0.811903 0.808025 0.814491 0.818421 0.851825 0.937034 1.036473 1.102803 1.128689 1.134235 
