1.379212 1.37804 1.372234 1.360386 1.345533 1.325815 1.310126 1.303033 1.30603 1.321504 1.32646 1.311972 1.300561 1.320289 1.341295 1.347316 1.3482 1.35016 1.334929 1.307765 1.29507 1.281335 1.296842 1.318074 1.299615 1.251578 1.189037 0.985975 0.354004 0.19526 0.176963 0.145099 0.119536 
1.366416 1.362637 1.35426 1.344388 1.331292 1.311044 1.293171 1.278765 1.267186 1.279938 1.297154 1.297923 1.293103 1.304102 1.313372 1.306868 1.295007 1.297398 1.283113 1.254965 1.235249 1.224318 1.246493 1.278815 1.266906 1.212205 1.123963 0.807816 0.276216 0.173884 0.152088 0.118658 0.09656 
1.346428 1.336207 1.32465 1.315324 1.30186 1.270386 1.242306 1.228421 1.230638 1.243423 1.264234 1.280059 1.279361 1.274382 1.258073 1.231102 1.225103 1.234639 1.219899 1.191896 1.176589 1.17055 1.176151 1.185608 1.165308 1.107991 1.022211 0.622056 0.215592 0.152917 0.124544 0.085761 0.067448 
1.337303 1.320621 1.297555 1.272391 1.248264 1.21669 1.194394 1.183956 1.190288 1.202898 1.196221 1.185079 1.196785 1.169947 1.137106 1.120056 1.123507 1.122414 1.102258 1.091514 1.101114 1.102322 1.103025 1.097082 1.0506 1.009596 0.948745 0.4947 0.152416 0.110567 0.082195 0.050207 0.039157 
1.338287 1.311792 1.27825 1.254582 1.235702 1.204017 1.173591 1.152904 1.126138 1.088523 1.02404 0.985481 0.997236 1.017591 1.026236 1.02636 1.009176 0.962016 0.94314 0.958614 0.987586 0.998658 1.006421 1.010304 0.966697 0.943092 0.879674 0.364604 0.085144 0.063044 0.043171 0.019 0.007954 
1.353128 1.316657 1.272781 1.247972 1.220227 1.167213 1.134229 1.114343 1.076606 1.035046 0.985212 0.95596 0.950665 0.955331 0.963343 0.968552 0.936541 0.86865 0.854297 0.865726 0.872801 0.86025 0.838223 0.826223 0.845185 0.856427 0.714009 0.056839 -0.097698 -0.065936 -0.109112 -0.195692 -0.287679 
1.372847 1.333134 1.265487 1.218187 1.148074 1.081252 1.066141 1.055905 1.032862 1.008309 0.973612 0.945097 0.9287 0.914814 0.911198 0.908786 0.856385 0.806656 0.797429 0.791014 0.771702 0.758007 0.750438 0.74539 0.739326 0.613975 -0.06402 -0.698292 -0.743264 -0.725512 -0.828287 -0.984058 -1.094817 
1.38567 1.349081 1.245285 1.180632 1.119174 1.068391 1.050615 1.029392 1.003551 0.984567 0.961991 0.929777 0.894907 0.866262 0.846393 0.815802 0.776346 0.760625 0.745981 0.722901 0.70593 0.705814 0.711158 0.695753 0.52425 -0.133174 -0.740086 -0.882163 -0.920369 -0.981613 -1.06842 -1.182616 -1.247135 
1.385591 1.347643 1.217287 1.161012 1.125533 1.074435 1.039133 1.013681 0.988294 0.965714 0.941905 0.898851 0.853219 0.829227 0.80074 0.764339 0.743831 0.731344 0.707713 0.675981 0.658791 0.658474 0.655729 0.496013 -0.203207 -0.718927 -0.861124 -0.911047 -0.956841 -1.016998 -1.09206 -1.22786 -1.299315 
1.362919 1.313049 1.206111 1.1598 1.128055 1.07991 1.024423 0.993293 0.961626 0.927222 0.894013 0.848489 0.821461 0.809448 0.775339 0.739572 0.722475 0.70261 0.670776 0.637928 0.621626 0.590645 0.43335 -0.163796 -0.70984 -0.827083 -0.877025 -0.924572 -0.986729 -1.049936 -1.125492 -1.268018 -1.338493 
1.329354 1.281293 1.20962 1.159044 1.115247 1.065737 1.011527 0.965581 0.90938 0.868135 0.840727 0.811674 0.797168 0.783756 0.735173 0.702822 0.681023 0.64425 0.608369 0.585567 0.54927 0.316876 -0.258519 -0.608674 -0.774366 -0.846619 -0.884388 -0.928342 -1.010756 -1.092995 -1.177516 -1.291227 -1.344923 
1.298905 1.261446 1.201543 1.141989 1.097874 1.05079 0.996608 0.942102 0.869138 0.827818 0.804895 0.784711 0.77256 0.744735 0.68445 0.659584 0.635732 0.58753 0.54297 0.493378 0.335617 -0.198373 -0.563876 -0.66616 -0.761701 -0.846148 -0.892012 -0.94136 -1.045781 -1.137975 -1.214687 -1.299852 -1.34434 
1.288809 1.249158 1.168119 1.109832 1.0729 1.027509 0.976336 0.91378 0.843807 0.808877 0.783394 0.76094 0.743939 0.698894 0.648734 0.627814 0.602621 0.547104 0.47052 0.2663 -0.144314 -0.519637 -0.633137 -0.691107 -0.76588 -0.84612 -0.901502 -0.96259 -1.067419 -1.141719 -1.211119 -1.298185 -1.347351 
1.288514 1.229443 1.135427 1.086518 1.045206 0.997658 0.947595 0.886446 0.836859 0.80485 0.767929 0.738798 0.711918 0.651058 0.615133 0.587933 0.547724 0.488264 0.278764 -0.177334 -0.498177 -0.61642 -0.661705 -0.710545 -0.785095 -0.860777 -0.915181 -0.977546 -1.052264 -1.119876 -1.205307 -1.310882 -1.363745 
1.278002 1.213203 1.12853 1.081123 1.033774 0.977582 0.923192 0.875657 0.834001 0.791566 0.745663 0.714836 0.67416 0.603373 0.576792 0.54822 0.503394 0.378356 -0.161295 -0.516632 -0.604893 -0.648725 -0.68584 -0.748461 -0.82562 -0.872526 -0.923412 -0.991575 -1.036245 -1.095058 -1.208208 -1.334649 -1.383312 
1.287069 1.230915 1.135328 1.080347 1.034942 0.97132 0.911379 0.871058 0.821501 0.765083 0.7234 0.677941 0.621311 0.56685 0.542868 0.521636 0.438831 0.062454 -0.441005 -0.581957 -0.634344 -0.673203 -0.715595 -0.782891 -0.837586 -0.870168 -0.923826 -1.002474 -1.051113 -1.113153 -1.201054 -1.319788 -1.38205 
1.298316 1.244899 1.151567 1.08593 1.044165 0.981081 0.89363 0.852673 0.806706 0.743493 0.702129 0.644908 0.593785 0.552516 0.50956 0.421475 0.055776 -0.384942 -0.520022 -0.588159 -0.656456 -0.693584 -0.729022 -0.780198 -0.823682 -0.866568 -0.942136 -1.009838 -1.068991 -1.132691 -1.193301 -1.278797 -1.34129 
1.305298 1.241474 1.151417 1.088379 1.043456 0.979474 0.87314 0.838339 0.801288 0.718753 0.676464 0.63287 0.580963 0.537542 0.405118 -0.040042 -0.435961 -0.51622 -0.544133 -0.610041 -0.676021 -0.701554 -0.734975 -0.781101 -0.812951 -0.877381 -0.966453 -1.008594 -1.073496 -1.144663 -1.198648 -1.257917 -1.300871 
1.31732 1.24605 1.146893 1.073767 1.012745 0.950459 0.877398 0.831655 0.77819 0.696363 0.65743 0.618979 0.56332 0.476257 0.02208 -0.441136 -0.525371 -0.539498 -0.581188 -0.645794 -0.686588 -0.706942 -0.743959 -0.79275 -0.832273 -0.913974 -0.97678 -1.011338 -1.08681 -1.15365 -1.196301 -1.24359 -1.281894 
1.300561 1.236808 1.138889 1.053949 0.987127 0.931203 0.878243 0.809986 0.74692 0.69574 0.646449 0.597398 0.523049 0.277905 -0.354314 -0.533425 -0.549454 -0.571901 -0.623654 -0.663049 -0.691698 -0.716828 -0.756432 -0.803275 -0.861725 -0.947223 -0.990827 -1.022788 -1.097854 -1.154032 -1.188015 -1.234124 -1.27555 
1.251752 1.197424 1.11797 1.045845 0.985453 0.92555 0.868555 0.780178 0.72448 0.688455 0.628525 0.549427 0.297011 -0.23612 -0.534399 -0.571767 -0.583982 -0.613461 -0.641309 -0.667895 -0.704963 -0.741235 -0.781144 -0.817703 -0.882288 -0.979634 -1.016263 -1.043011 -1.109613 -1.158091 -1.193267 -1.24996 -1.297081 
1.21118 1.174518 1.111507 1.045111 0.984232 0.918428 0.853038 0.752162 0.700633 0.660074 0.58466 0.339881 -0.334938 -0.580307 -0.610055 -0.609418 -0.617338 -0.634662 -0.65122 -0.682188 -0.737795 -0.7756 -0.812764 -0.847075 -0.905394 -0.998749 -1.037825 -1.075797 -1.125037 -1.169064 -1.222902 -1.286343 -1.327348 
1.22532 1.195477 1.128321 1.037424 0.97071 0.906662 0.828961 0.748717 0.694716 0.632096 0.447289 -0.149759 -0.581226 -0.634141 -0.635648 -0.637471 -0.64608 -0.666828 -0.68789 -0.718802 -0.765895 -0.798416 -0.835632 -0.86949 -0.921411 -0.99736 -1.049632 -1.098182 -1.131653 -1.174985 -1.240943 -1.304903 -1.345043 
1.274523 1.242045 1.152793 1.015853 0.957936 0.899368 0.811196 0.758987 0.704434 0.497245 -0.112229 -0.560189 -0.651592 -0.667281 -0.678328 -0.691411 -0.710253 -0.734343 -0.745744 -0.760554 -0.787282 -0.81771 -0.851443 -0.890205 -0.957018 -1.015235 -1.062301 -1.101606 -1.132708 -1.179823 -1.239943 -1.308092 -1.355753 
1.328729 1.286642 1.156457 1.018156 0.96456 0.899854 0.805904 0.747586 0.579795 -0.138636 -0.595215 -0.668401 -0.691194 -0.723175 -0.746737 -0.758029 -0.777834 -0.791708 -0.797113 -0.809301 -0.826512 -0.846633 -0.873211 -0.935206 -1.008038 -1.039329 -1.068705 -1.098966 -1.128221 -1.177631 -1.235369 -1.308206 -1.364252 
1.338833 1.27966 1.145706 1.038989 0.977593 0.896659 0.78646 0.555282 -0.07825 -0.606938 -0.6873 -0.700015 -0.725554 -0.761337 -0.779316 -0.792187 -0.814481 -0.826404 -0.837214 -0.84879 -0.859891 -0.875451 -0.900319 -0.974022 -1.035409 -1.058065 -1.079404 -1.103446 -1.131621 -1.180241 -1.242354 -1.319229 -1.375013 
1.314866 1.240318 1.13126 1.047767 0.97784 0.874223 0.57466 -0.214359 -0.677982 -0.738818 -0.734101 -0.75417 -0.785386 -0.803279 -0.821398 -0.850835 -0.863188 -0.858297 -0.867815 -0.877605 -0.885223 -0.898815 -0.921125 -0.989259 -1.052604 -1.075879 -1.092946 -1.115757 -1.14464 -1.188925 -1.250125 -1.314066 -1.37032 
1.277305 1.194751 1.10951 1.03918 0.961381 0.769244 -0.090607 -0.750174 -0.838915 -0.835458 -0.852172 -0.883567 -0.883115 -0.876282 -0.891056 -0.906631 -0.90695 -0.904217 -0.907631 -0.9138 -0.932988 -0.959006 -0.979241 -1.048692 -1.09451 -1.102494 -1.10957 -1.133315 -1.159639 -1.20135 -1.246554 -1.283885 -1.33527 
1.121418 1.019714 0.949684 0.83994 0.69015 0.315791 -0.667022 -0.892174 -0.913364 -0.941451 -0.973119 -0.97731 -0.95369 -0.930065 -0.936682 -0.951149 -0.967384 -0.991461 -0.988614 -0.986716 -1.018755 -1.055572 -1.088388 -1.134 -1.139015 -1.135758 -1.145145 -1.167511 -1.1815 -1.209817 -1.238542 -1.259927 -1.293419 
0.398872 0.362915 0.337604 0.263735 0.19633 -0.002109 -0.752806 -0.95659 -0.993221 -1.025855 -1.03815 -1.037425 -1.022312 -0.988746 -0.990227 -1.029569 -1.059675 -1.073707 -1.075174 -1.08136 -1.10261 -1.121144 -1.156842 -1.178585 -1.167862 -1.163773 -1.180506 -1.194037 -1.201107 -1.217572 -1.237391 -1.263937 -1.29425 
0.206643 0.200063 0.183298 0.154976 0.13236 -0.003051 -0.74444 -1.016886 -1.053234 -1.074324 -1.084226 -1.089851 -1.09403 -1.098403 -1.11255 -1.129042 -1.130263 -1.130317 -1.144426 -1.161081 -1.175475 -1.199031 -1.228864 -1.228804 -1.212292 -1.206002 -1.213904 -1.215586 -1.21982 -1.233193 -1.250492 -1.279733 -1.302191 
0.179526 0.171305 0.154497 0.133291 0.113363 -0.090897 -0.903797 -1.096556 -1.118203 -1.133215 -1.147675 -1.153968 -1.172922 -1.218554 -1.245658 -1.228316 -1.219646 -1.228416 -1.246827 -1.261906 -1.268511 -1.278238 -1.288409 -1.290457 -1.285165 -1.254634 -1.23896 -1.236182 -1.23748 -1.248243 -1.264279 -1.286812 -1.31185 
0.131265 0.124397 0.107809 0.085497 0.054594 -0.243406 -1.036049 -1.169034 -1.203468 -1.251561 -1.290307 -1.281142 -1.283613 -1.30845 -1.316177 -1.302324 -1.30001 -1.31182 -1.311088 -1.313294 -1.323657 -1.332093 -1.34028 -1.350557 -1.345134 -1.305261 -1.275617 -1.2731 -1.268904 -1.280689 -1.302653 -1.328321 -1.358408 
0.080195 0.078357 0.063154 0.039559 0.011469 -0.215212 -1.025719 -1.209449 -1.257101 -1.32389 -1.367394 -1.359377 -1.342428 -1.341223 -1.342527 -1.337856 -1.337482 -1.345478 -1.341345 -1.339468 -1.353545 -1.372882 -1.384338 -1.386816 -1.375429 -1.341736 -1.313165 -1.311439 -1.312192 -1.327817 -1.342433 -1.360238 -1.377871 
