-0.155884 -0.164701 -0.182787 -0.238078 -0.281616 -0.296551 -0.313194 -0.339416 -0.408241 -0.474776 -0.513093 -0.562458 -0.619127 -0.694345 -0.748343 -0.781244 -0.865998 -0.944449 -1.001103 -1.071636 -1.130656 -1.204561 -1.307445 -1.387297 -1.445727 -1.487476 -1.514544 -1.628431 -2.053436 -2.204915 -2.285009 -2.347879 -2.370898 
-0.138307 -0.148536 -0.168927 -0.227015 -0.273183 -0.28761 -0.303081 -0.341877 -0.420598 -0.472078 -0.508798 -0.557817 -0.610362 -0.685866 -0.738696 -0.77219 -0.852794 -0.923372 -0.986103 -1.057206 -1.117094 -1.178846 -1.264525 -1.362195 -1.427353 -1.467905 -1.508654 -1.697167 -2.04528 -2.142053 -2.226837 -2.309839 -2.338626 
-0.107464 -0.114279 -0.130585 -0.174806 -0.241818 -0.273209 -0.288779 -0.333965 -0.416828 -0.461763 -0.496935 -0.554352 -0.605751 -0.675383 -0.723355 -0.752503 -0.818929 -0.887191 -0.955567 -1.033121 -1.098047 -1.147813 -1.207296 -1.292548 -1.366422 -1.4122 -1.479204 -1.768377 -2.052023 -2.105354 -2.161751 -2.241338 -2.273591 
-0.079798 -0.085651 -0.092564 -0.106182 -0.158214 -0.240193 -0.270987 -0.293059 -0.356717 -0.421478 -0.457878 -0.511023 -0.574168 -0.644055 -0.682103 -0.704931 -0.757189 -0.829783 -0.900001 -0.973026 -1.04806 -1.101163 -1.157056 -1.231448 -1.30238 -1.346684 -1.416803 -1.79207 -2.050282 -2.084505 -2.126961 -2.191107 -2.221168 
-0.047534 -0.05879 -0.067825 -0.082282 -0.117775 -0.202392 -0.256128 -0.264144 -0.276531 -0.306662 -0.357568 -0.403369 -0.465479 -0.567545 -0.625244 -0.653108 -0.691337 -0.753786 -0.811432 -0.875527 -0.962684 -1.028111 -1.083128 -1.183026 -1.268888 -1.30519 -1.36768 -1.799878 -2.037435 -2.063446 -2.10119 -2.162263 -2.19708 
0.020311 -0.003252 -0.027898 -0.049858 -0.082884 -0.134647 -0.202488 -0.235309 -0.247188 -0.268161 -0.330974 -0.384771 -0.430303 -0.512255 -0.576625 -0.614527 -0.652861 -0.702929 -0.744121 -0.796926 -0.883603 -0.942595 -0.976737 -1.062849 -1.188075 -1.259473 -1.322996 -1.655757 -1.907685 -1.977423 -2.0041 -2.033082 -2.033521 
0.097271 0.068128 0.034583 0.028383 0.001516 -0.03835 -0.074962 -0.144035 -0.204986 -0.240282 -0.303101 -0.369038 -0.412126 -0.471865 -0.5283 -0.569116 -0.612761 -0.652225 -0.689242 -0.739927 -0.826003 -0.882019 -0.928588 -1.00298 -1.095316 -1.189662 -1.255875 -1.324793 -1.419645 -1.52275 -1.564324 -1.587884 -1.592781 
0.155466 0.129385 0.085733 0.081612 0.044181 -0.017599 -0.045519 -0.083147 -0.145424 -0.189145 -0.244774 -0.332397 -0.388309 -0.425159 -0.465995 -0.50186 -0.550354 -0.594129 -0.635738 -0.688995 -0.768055 -0.830562 -0.892713 -0.979557 -1.052917 -1.135856 -1.20354 -1.244015 -1.28029 -1.332774 -1.400518 -1.476285 -1.513415 
0.224225 0.208793 0.160401 0.141252 0.109301 0.029086 -0.02635 -0.056736 -0.106463 -0.146082 -0.178146 -0.25965 -0.350956 -0.389019 -0.424198 -0.462481 -0.507958 -0.554165 -0.602738 -0.654875 -0.708896 -0.762419 -0.825582 -0.947043 -1.046845 -1.101311 -1.152739 -1.196959 -1.239493 -1.284782 -1.342541 -1.428299 -1.469242 
0.283514 0.267514 0.213617 0.182726 0.165729 0.126584 0.043571 -0.012402 -0.062144 -0.101608 -0.124019 -0.166686 -0.255961 -0.336156 -0.397468 -0.437923 -0.4749 -0.519424 -0.579748 -0.636283 -0.67089 -0.705316 -0.746577 -0.876729 -1.023954 -1.065702 -1.103165 -1.150121 -1.204533 -1.248999 -1.289128 -1.353581 -1.387222 
0.317145 0.299221 0.25641 0.228251 0.213823 0.188308 0.133309 0.069923 0.006635 -0.036539 -0.070503 -0.112239 -0.157139 -0.230634 -0.339 -0.388925 -0.426279 -0.466724 -0.52298 -0.596309 -0.63596 -0.659796 -0.676567 -0.742128 -0.909624 -1.006525 -1.046565 -1.09026 -1.157237 -1.207227 -1.243358 -1.292299 -1.316328 
0.348141 0.326993 0.299359 0.287396 0.275899 0.238606 0.182891 0.131627 0.065913 0.017517 -0.021096 -0.070213 -0.111534 -0.158181 -0.251435 -0.30693 -0.357164 -0.4177 -0.458397 -0.519852 -0.57921 -0.622838 -0.64886 -0.693112 -0.791495 -0.905987 -0.96554 -1.004176 -1.062991 -1.11536 -1.161889 -1.21186 -1.233482 
0.451488 0.403377 0.368881 0.353886 0.337369 0.30672 0.25671 0.203526 0.139517 0.077669 0.025155 -0.022682 -0.078272 -0.138538 -0.19409 -0.235449 -0.278797 -0.363436 -0.419801 -0.465564 -0.516015 -0.571809 -0.612063 -0.661169 -0.736604 -0.828573 -0.889662 -0.934254 -0.996846 -1.041835 -1.079341 -1.116915 -1.127258 
0.542628 0.510675 0.471582 0.442054 0.407975 0.369196 0.331246 0.286495 0.225868 0.157072 0.086226 0.038583 -0.025389 -0.118325 -0.151746 -0.173297 -0.191374 -0.251108 -0.369007 -0.436521 -0.471892 -0.511669 -0.55751 -0.609235 -0.673667 -0.746023 -0.810651 -0.855866 -0.909975 -0.964768 -1.003429 -1.027043 -1.026728 
0.597908 0.569329 0.537448 0.52182 0.487776 0.431369 0.37655 0.332811 0.288286 0.242198 0.182404 0.127203 0.063313 -0.064354 -0.108348 -0.130285 -0.149474 -0.177269 -0.282779 -0.367654 -0.411632 -0.450633 -0.495612 -0.546835 -0.595707 -0.643088 -0.717631 -0.78931 -0.823338 -0.851702 -0.891792 -0.931191 -0.942111 
0.655735 0.636731 0.601933 0.586885 0.560693 0.494133 0.420725 0.378218 0.33616 0.298935 0.262348 0.211267 0.162367 0.051568 -0.034086 -0.083628 -0.129742 -0.168575 -0.236084 -0.301443 -0.343009 -0.371316 -0.414597 -0.486155 -0.55229 -0.596517 -0.656705 -0.735527 -0.768146 -0.777672 -0.799411 -0.845503 -0.870963 
0.700119 0.693478 0.675567 0.653127 0.630375 0.565279 0.481672 0.456057 0.405929 0.341205 0.313547 0.262086 0.211269 0.149595 0.071123 0.013854 -0.0547 -0.123127 -0.172982 -0.229869 -0.26947 -0.291867 -0.339179 -0.414104 -0.48887 -0.55314 -0.615427 -0.669697 -0.714035 -0.738306 -0.753061 -0.771348 -0.786739 
0.76175 0.751387 0.736399 0.710284 0.689159 0.648638 0.557604 0.521753 0.481271 0.401126 0.373112 0.326564 0.258837 0.209817 0.151526 0.106181 0.055776 -0.027528 -0.093356 -0.146044 -0.195334 -0.22668 -0.276319 -0.338974 -0.389461 -0.463377 -0.550895 -0.604254 -0.659563 -0.696661 -0.711055 -0.721495 -0.727451 
0.84097 0.823914 0.792482 0.756247 0.732581 0.714153 0.655663 0.60005 0.56551 0.477291 0.422594 0.380078 0.317491 0.268132 0.198584 0.145017 0.102958 0.045172 -0.012938 -0.062129 -0.127188 -0.172801 -0.223732 -0.286201 -0.33331 -0.40602 -0.477356 -0.529721 -0.599672 -0.645471 -0.666934 -0.683809 -0.687601 
0.892075 0.883385 0.853242 0.81171 0.775363 0.749114 0.718538 0.680932 0.649632 0.574555 0.478006 0.40877 0.342976 0.304428 0.234425 0.186182 0.148828 0.104834 0.054425 -0.000719 -0.068834 -0.126892 -0.174716 -0.229271 -0.293176 -0.367178 -0.412947 -0.463129 -0.551198 -0.603066 -0.623412 -0.633955 -0.624123 
0.930668 0.930594 0.904862 0.864464 0.823196 0.782295 0.743193 0.702733 0.681012 0.650644 0.577009 0.480356 0.385094 0.37039 0.323845 0.260391 0.217053 0.177252 0.129434 0.068157 -0.001085 -0.063604 -0.114612 -0.151471 -0.220805 -0.313282 -0.346933 -0.389519 -0.479397 -0.533556 -0.542442 -0.531857 -0.518418 
1.002531 0.988637 0.950733 0.91107 0.879496 0.840973 0.793857 0.735857 0.711236 0.697874 0.665013 0.603075 0.498697 0.453999 0.417403 0.352858 0.279979 0.226588 0.186996 0.141082 0.082774 0.036794 -0.021511 -0.062948 -0.124109 -0.232918 -0.278153 -0.302952 -0.349035 -0.410699 -0.436656 -0.435333 -0.43924 
1.078891 1.049267 1.001076 0.962442 0.945988 0.909463 0.865901 0.814427 0.766528 0.73778 0.707416 0.654262 0.568701 0.499103 0.46388 0.416233 0.331374 0.27344 0.242445 0.194535 0.119649 0.077929 0.035396 -0.007288 -0.07075 -0.167327 -0.223185 -0.254603 -0.281063 -0.319939 -0.369494 -0.399083 -0.41169 
1.155984 1.122771 1.075599 1.038132 1.019046 0.970955 0.909219 0.873996 0.83182 0.780311 0.743127 0.705048 0.650947 0.573292 0.527374 0.491082 0.405243 0.341273 0.307903 0.251955 0.159345 0.097972 0.05314 0.009275 -0.05246 -0.11594 -0.17561 -0.219312 -0.248139 -0.282342 -0.325805 -0.363881 -0.379004 
1.273751 1.251568 1.209754 1.154665 1.111943 1.0547 0.972985 0.928953 0.89722 0.837477 0.784158 0.749156 0.71624 0.6628 0.619327 0.576242 0.470091 0.398348 0.36176 0.310313 0.240262 0.175467 0.105404 0.022494 -0.043954 -0.077869 -0.126919 -0.181609 -0.211785 -0.240829 -0.265782 -0.290578 -0.305364 
1.369354 1.355099 1.305559 1.243873 1.199811 1.146067 1.071353 1.014444 0.973167 0.894365 0.827222 0.783931 0.751894 0.703548 0.662278 0.61877 0.499977 0.424588 0.390995 0.3468 0.293432 0.256718 0.213591 0.090202 -0.012078 -0.046698 -0.075312 -0.12051 -0.152829 -0.173207 -0.189887 -0.211333 -0.230824 
1.434132 1.417619 1.375885 1.316992 1.265245 1.20432 1.143793 1.107767 1.06105 0.971189 0.888981 0.842486 0.807538 0.751433 0.697218 0.655774 0.561589 0.450959 0.40246 0.369533 0.319525 0.2778 0.248358 0.152842 0.046139 -0.007097 -0.039172 -0.066232 -0.088709 -0.111926 -0.139334 -0.165382 -0.191979 
1.484663 1.466151 1.434021 1.390124 1.34241 1.275676 1.205591 1.169703 1.131314 1.067829 0.996223 0.955868 0.906521 0.832812 0.746431 0.688341 0.625007 0.500366 0.422021 0.394413 0.35778 0.311368 0.273167 0.192016 0.127559 0.077803 0.017694 -0.025025 -0.048093 -0.07751 -0.106634 -0.128102 -0.155166 
1.640197 1.651252 1.62764 1.649214 1.705556 1.61034 1.301213 1.224917 1.19427 1.156239 1.092062 1.04061 0.982316 0.891341 0.792915 0.729634 0.668861 0.56702 0.485281 0.443182 0.401516 0.360468 0.315317 0.238543 0.190234 0.161202 0.118658 0.064916 0.025489 -0.028756 -0.075531 -0.095042 -0.102472 
2.377622 2.366985 2.327678 2.326103 2.335935 2.175375 1.482452 1.289759 1.258096 1.224352 1.157026 1.102698 1.062264 0.965336 0.833226 0.77664 0.717648 0.626262 0.554658 0.501421 0.442747 0.391282 0.337626 0.275537 0.222634 0.183809 0.149228 0.11262 0.084824 0.046553 -0.004499 -0.025255 -0.006606 
2.599584 2.556884 2.505467 2.458353 2.427181 2.29578 1.60611 1.347569 1.301948 1.263529 1.20409 1.15061 1.129924 1.078773 0.904184 0.816137 0.760498 0.666477 0.585459 0.530879 0.474249 0.418753 0.370199 0.323406 0.264853 0.198063 0.162679 0.133167 0.105963 0.084099 0.064008 0.037863 0.022497 
2.644508 2.598375 2.536283 2.485822 2.448546 2.260316 1.565855 1.396922 1.355901 1.308941 1.248393 1.18724 1.159142 1.122433 0.984185 0.862071 0.797998 0.698061 0.614301 0.575738 0.529202 0.452047 0.403594 0.370126 0.316161 0.227315 0.181786 0.153299 0.119406 0.094192 0.079352 0.058283 0.03123 
2.682135 2.639035 2.571381 2.516581 2.47724 2.21657 1.540114 1.436081 1.421667 1.394664 1.334921 1.245677 1.173136 1.12403 1.02367 0.894957 0.809104 0.715522 0.640987 0.601598 0.566598 0.483283 0.416304 0.381549 0.341941 0.267831 0.202996 0.175033 0.139732 0.102014 0.085444 0.064366 0.035695 
2.70817 2.66648 2.597899 2.533565 2.489616 2.287185 1.593672 1.45388 1.449644 1.435939 1.378969 1.284093 1.181682 1.121529 1.030918 0.911469 0.810066 0.720168 0.660976 0.615002 0.578306 0.496207 0.414757 0.37829 0.34818 0.28687 0.215934 0.191243 0.164921 0.110781 0.089641 0.062663 0.034244 
