1.414214 1.335816 1.257419 1.179021 1.100624 1.022227 0.943829 0.865432 0.787034 0.708637 0.63024 0.551842 0.473445 0.395047 0.31665 0.238253 0.159855 0.081458 0.00306 
1.349792 1.271395 1.192997 1.1146 1.036202 0.957805 0.879408 0.80101 0.722613 0.644215 0.565818 0.487421 0.409023 0.330626 0.252228 0.173831 0.095434 0.017036 -0.061361 
1.28537 1.206973 1.128576 1.050178 0.971781 0.893383 0.814986 0.736589 0.658191 0.579794 0.501396 0.422999 0.344602 0.266204 0.187807 0.109409 0.031012 -0.047385 -0.125783 
1.220949 1.142552 1.064154 0.985757 0.907359 0.828962 0.750565 0.672167 0.59377 0.515372 0.436975 0.358578 0.28018 0.201783 0.123385 0.044988 -0.033409 -0.111807 -0.190204 
1.156527 1.07813 0.999733 0.921335 0.842938 0.76454 0.686143 0.607746 0.529348 0.450951 0.372553 0.294156 0.215759 0.137361 0.058964 -0.019434 -0.097831 -0.176228 -0.254626 
1.092106 1.013708 0.935311 0.856914 0.778516 0.700119 0.621721 0.543324 0.464927 0.386529 0.308132 0.229734 0.151337 0.07294 -0.005458 -0.083855 -0.162253 -0.24065 -0.319047 
1.027684 0.949287 0.87089 0.792492 0.714095 0.635697 0.5573 0.478903 0.400505 0.322108 0.24371 0.165313 0.086916 0.008518 -0.069879 -0.148277 -0.226674 -0.305072 -0.383469 
0.963263 0.884865 0.806468 0.728071 0.649673 0.571276 0.492878 0.414481 0.336084 0.257686 0.179289 0.100891 0.022494 -0.055903 -0.134301 -0.212698 -0.291096 -0.369493 -0.44789 
0.898841 0.820444 0.742046 0.663649 0.585252 0.506854 0.428457 0.350059 0.271662 0.193265 0.114867 0.03647 -0.041928 -0.120325 -0.198722 -0.27712 -0.355517 -0.433915 -0.512312 
0.83442 0.756022 0.677625 0.599227 0.52083 0.442433 0.364035 0.285638 0.20724 0.128843 0.050446 -0.027952 -0.106349 -0.184747 -0.263144 -0.341541 -0.419939 -0.498336 -0.576734 
0.769998 0.691601 0.613203 0.534806 0.456409 0.378011 0.299614 0.221216 0.142819 0.064422 -0.013976 -0.092373 -0.170771 -0.249168 -0.327565 -0.405963 -0.48436 -0.562758 -0.641155 
0.705577 0.627179 0.548782 0.470384 0.391987 0.31359 0.235192 0.156795 0.078397 0.0 -0.078397 -0.156795 -0.235192 -0.31359 -0.391987 -0.470384 -0.548782 -0.627179 -0.705577 
0.641155 0.562758 0.48436 0.405963 0.327565 0.249168 0.170771 0.092373 0.013976 -0.064422 -0.142819 -0.221216 -0.299614 -0.378011 -0.456409 -0.534806 -0.613203 -0.691601 -0.769998 
0.576734 0.498336 0.419939 0.341541 0.263144 0.184747 0.106349 0.027952 -0.050446 -0.128843 -0.20724 -0.285638 -0.364035 -0.442433 -0.52083 -0.599227 -0.677625 -0.756022 -0.83442 
0.512312 0.433915 0.355517 0.27712 0.198722 0.120325 0.041928 -0.03647 -0.114867 -0.193265 -0.271662 -0.350059 -0.428457 -0.506854 -0.585252 -0.663649 -0.742046 -0.820444 -0.898841 
0.44789 0.369493 0.291096 0.212698 0.134301 0.055903 -0.022494 -0.100891 -0.179289 -0.257686 -0.336084 -0.414481 -0.492878 -0.571276 -0.649673 -0.728071 -0.806468 -0.884865 -0.963263 
0.383469 0.305072 0.226674 0.148277 0.069879 -0.008518 -0.086916 -0.165313 -0.24371 -0.322108 -0.400505 -0.478903 -0.5573 -0.635697 -0.714095 -0.792492 -0.87089 -0.949287 -1.027684 
0.319047 0.24065 0.162253 0.083855 0.005458 -0.07294 -0.151337 -0.229734 -0.308132 -0.386529 -0.464927 -0.543324 -0.621721 -0.700119 -0.778516 -0.856914 -0.935311 -1.013708 -1.092106 
0.254626 0.176228 0.097831 0.019434 -0.058964 -0.137361 -0.215759 -0.294156 -0.372553 -0.450951 -0.529348 -0.607746 -0.686143 -0.76454 -0.842938 -0.921335 -0.999733 -1.07813 -1.156527 
0.190204 0.111807 0.033409 -0.044988 -0.123385 -0.201783 -0.28018 -0.358578 -0.436975 -0.515372 -0.59377 -0.672167 -0.750565 -0.828962 -0.907359 -0.985757 -1.064154 -1.142552 -1.220949 
0.125783 0.047385 -0.031012 -0.109409 -0.187807 -0.266204 -0.344602 -0.422999 -0.501396 -0.579794 -0.658191 -0.736589 -0.814986 -0.893383 -0.971781 -1.050178 -1.128576 -1.206973 -1.28537 
0.061361 -0.017036 -0.095434 -0.173831 -0.252228 -0.330626 -0.409023 -0.487421 -0.565818 -0.644215 -0.722613 -0.80101 -0.879408 -0.957805 -1.036202 -1.1146 -1.192997 -1.271395 -1.349792 
-0.00306 -0.081458 -0.159855 -0.238253 -0.31665 -0.395047 -0.473445 -0.551842 -0.63024 -0.708637 -0.787034 -0.865432 -0.943829 -1.022227 -1.100624 -1.179021 -1.257419 -1.335816 -1.414214 
