map size - [19, 19]
quantization error - 0.0402219097893
topographic error - 0.0095
topographic error and quantization error average - 0.0248609548946
density - 5.54016620499
HIT map - 
1 9 8 9 17 9 24 15 13 20 14 18 13 19 12 12 7 10 4 
11 5 9 4 0 0 0 0 0 0 0 0 0 0 1 9 6 7 9 
12 2 0 0 0 0 0 0 0 0 0 0 0 0 0 0 0 3 17 
20 0 0 6 13 11 19 13 17 14 16 13 18 12 10 1 0 4 10 
0 0 15 10 6 1 0 0 0 0 0 0 0 3 5 12 0 1 15 
6 10 10 0 0 0 0 0 0 0 0 0 0 0 3 18 0 0 22 
8 5 0 0 7 14 9 14 15 13 15 13 10 0 0 11 0 0 12 
17 1 0 13 11 0 0 0 0 0 2 0 11 3 0 14 0 0 16 
16 0 0 12 2 0 5 4 5 0 0 0 9 0 0 10 0 0 15 
11 0 0 10 0 0 11 2 0 0 0 8 7 0 0 15 0 0 16 
20 0 0 18 0 0 9 2 0 0 5 6 0 0 2 13 0 0 12 
16 0 0 12 0 0 10 4 4 0 0 0 0 2 14 6 0 2 10 
14 0 0 13 1 0 5 11 9 11 15 6 11 10 7 0 0 11 12 
16 0 0 16 5 0 0 0 0 0 0 0 0 0 0 0 11 5 0 
13 2 0 6 12 6 1 0 0 0 0 0 1 1 1 6 6 0 4 
8 6 0 0 10 9 12 16 16 16 15 14 18 10 18 9 0 0 21 
14 8 0 0 0 0 0 0 0 0 0 0 0 0 0 0 0 5 13 
7 7 12 2 0 0 0 0 0 0 0 0 0 0 0 3 4 2 9 
7 4 6 20 11 18 17 12 17 12 16 15 15 15 15 15 8 13 10 

