1.358511 1.333038 1.303846 1.2824 1.275692 1.278772 1.274453 1.271327 1.265711 1.248465 1.234136 1.228614 1.209807 1.065226 0.463014 0.145711 0.106815 
1.337963 1.309877 1.267623 1.226881 1.2091 1.204834 1.181692 1.167796 1.160871 1.147535 1.140678 1.135283 1.116691 0.926708 0.31344 0.112087 0.08507 
1.32082 1.284467 1.217291 1.148005 1.104976 1.060348 1.0126 0.987577 0.960294 0.947536 0.950784 0.944461 0.89768 0.560959 -0.005582 -0.072952 -0.075567 
1.321794 1.262285 1.157902 1.073288 1.01991 0.961842 0.917539 0.879683 0.831668 0.796981 0.780427 0.745184 0.449211 -0.357266 -0.779744 -0.84608 -0.902736 
1.315767 1.229616 1.117275 1.039825 0.974088 0.903342 0.852221 0.806116 0.758876 0.71889 0.687237 0.549289 -0.197271 -0.799896 -0.961381 -1.083613 -1.194743 
1.284822 1.195613 1.099661 1.018472 0.923896 0.840354 0.783323 0.733977 0.690093 0.644162 0.554751 0.13842 -0.634735 -0.881779 -0.987269 -1.134492 -1.248621 
1.237322 1.155094 1.060914 0.971842 0.876756 0.796959 0.732314 0.667023 0.611688 0.516557 0.177475 -0.402551 -0.747231 -0.886177 -1.012034 -1.17693 -1.279625 
1.2145 1.13392 1.025153 0.933748 0.847207 0.758581 0.68342 0.607237 0.51385 0.238927 -0.312363 -0.612061 -0.749379 -0.879733 -1.026956 -1.184977 -1.283087 
1.217684 1.138602 1.025697 0.916081 0.810316 0.71303 0.631365 0.504122 0.215323 -0.256091 -0.564444 -0.672639 -0.764815 -0.889161 -1.034317 -1.172497 -1.260856 
1.215939 1.136086 1.025181 0.900714 0.783398 0.687335 0.558118 0.177177 -0.325689 -0.554328 -0.650372 -0.71011 -0.788444 -0.907606 -1.047434 -1.166599 -1.241994 
1.206365 1.126357 1.006416 0.879225 0.770092 0.650784 0.316464 -0.305948 -0.556977 -0.633389 -0.692897 -0.743461 -0.815213 -0.934193 -1.058958 -1.168524 -1.244645 
1.205591 1.11935 0.984324 0.855984 0.733905 0.461326 -0.190764 -0.568157 -0.639796 -0.685769 -0.739596 -0.790668 -0.869347 -0.986065 -1.080512 -1.178563 -1.259422 
1.225395 1.119058 0.960282 0.830322 0.621146 -0.017588 -0.557515 -0.677803 -0.712983 -0.757429 -0.804213 -0.856754 -0.943743 -1.036634 -1.104306 -1.187808 -1.264797 
1.214327 1.108958 0.943424 0.737834 0.220064 -0.504789 -0.707268 -0.747947 -0.788767 -0.830707 -0.866267 -0.918981 -1.005322 -1.071283 -1.126704 -1.207437 -1.277527 
1.067551 0.975169 0.795239 0.21325 -0.536208 -0.796096 -0.818029 -0.832268 -0.874889 -0.909796 -0.938075 -0.994395 -1.07095 -1.117089 -1.162548 -1.23172 -1.288896 
0.49438 0.431578 0.229265 -0.601134 -0.941361 -0.974807 -0.965601 -0.964871 -0.997551 -1.039474 -1.075982 -1.125103 -1.166756 -1.18151 -1.203957 -1.245716 -1.290259 
0.172278 0.147536 -0.069366 -0.896856 -1.101368 -1.112382 -1.112786 -1.126967 -1.169696 -1.215025 -1.242912 -1.259909 -1.267835 -1.250435 -1.242903 -1.263162 -1.296816 
0.12004 0.096879 -0.148795 -1.010585 -1.194171 -1.207609 -1.213095 -1.236059 -1.276783 -1.305624 -1.316683 -1.322434 -1.325983 -1.303483 -1.274927 -1.280102 -1.307171 
