-0.161964 -0.210226 -0.272655 -0.324934 -0.418378 -0.533303 -0.650578 -0.75956 -0.875964 -1.022862 -1.158886 -1.293673 -1.400119 -1.524085 -1.922033 -2.170816 -2.242577 
-0.118849 -0.156144 -0.230446 -0.293104 -0.368534 -0.479158 -0.601976 -0.707077 -0.828922 -0.990018 -1.11451 -1.235492 -1.349042 -1.525886 -1.960945 -2.132172 -2.192047 
-0.049291 -0.077781 -0.153309 -0.227061 -0.284866 -0.384761 -0.50216 -0.595405 -0.706179 -0.863167 -0.990696 -1.110584 -1.236013 -1.411528 -1.808551 -1.997139 -2.069196 
0.056639 0.027188 -0.041174 -0.120127 -0.190041 -0.300412 -0.41872 -0.506844 -0.603607 -0.730448 -0.845973 -0.961915 -1.102658 -1.219788 -1.346243 -1.480643 -1.568411 
0.178782 0.142759 0.065367 -0.024643 -0.104067 -0.20607 -0.331721 -0.430995 -0.522149 -0.634091 -0.737605 -0.845654 -1.021679 -1.143835 -1.229008 -1.315287 -1.380887 
0.268354 0.232683 0.167728 0.083788 -0.002317 -0.081925 -0.189759 -0.307925 -0.411557 -0.523902 -0.631156 -0.7429 -0.926186 -1.050124 -1.14859 -1.240914 -1.29555 
0.378692 0.342833 0.293696 0.237349 0.140253 0.035829 -0.0627 -0.170874 -0.278771 -0.396789 -0.520513 -0.635395 -0.77695 -0.90379 -1.005649 -1.100564 -1.155921 
0.537599 0.489257 0.415457 0.347408 0.259989 0.157694 0.057359 -0.060762 -0.173665 -0.291051 -0.424541 -0.527651 -0.631125 -0.740752 -0.833222 -0.915339 -0.972084 
0.670761 0.635651 0.562473 0.468776 0.376775 0.28605 0.197917 0.076721 -0.053348 -0.169876 -0.298051 -0.407249 -0.511268 -0.619082 -0.706645 -0.766064 -0.807699 
0.786723 0.754932 0.704049 0.627931 0.523664 0.409527 0.309983 0.200288 0.088792 -0.030374 -0.156198 -0.269919 -0.388108 -0.51336 -0.612229 -0.669676 -0.701795 
0.901033 0.859136 0.798221 0.728431 0.644529 0.539331 0.411293 0.276023 0.186576 0.086313 -0.03178 -0.143453 -0.258746 -0.371229 -0.468182 -0.542839 -0.576552 
1.031108 0.976284 0.895358 0.812396 0.7333 0.650371 0.531837 0.394549 0.290832 0.193738 0.084319 -0.025516 -0.137257 -0.231011 -0.303438 -0.377532 -0.427513 
1.206289 1.133634 1.017376 0.91413 0.823973 0.733973 0.643702 0.536187 0.417213 0.308743 0.210673 0.102952 -0.022414 -0.125523 -0.201048 -0.27248 -0.328044 
1.342049 1.271802 1.141189 1.025963 0.945631 0.84405 0.745733 0.64889 0.52942 0.404546 0.31216 0.214558 0.068455 -0.044181 -0.117893 -0.18468 -0.228177 
1.524067 1.480072 1.331192 1.177193 1.113076 1.00304 0.877931 0.758655 0.631946 0.496115 0.391911 0.305515 0.170674 0.055966 -0.012787 -0.081834 -0.133658 
2.144338 2.126728 1.891649 1.380962 1.238021 1.146122 1.034167 0.895854 0.737143 0.599569 0.482536 0.389176 0.276855 0.164605 0.093212 0.032962 -0.025785 
2.512599 2.468533 2.242034 1.518008 1.326428 1.242069 1.139645 1.005319 0.821591 0.674992 0.552237 0.446591 0.347751 0.235063 0.14781 0.097698 0.055373 
2.589017 2.539006 2.301182 1.560539 1.380375 1.295131 1.184563 1.041859 0.852319 0.702499 0.57937 0.468719 0.377655 0.279961 0.181612 0.126386 0.083766 
