map size - [48, 50]
quantization error - 0.916672145086
topographic error - 0.0
topographic error and quantization error average - 0.458336072543
density - 0.72
HIT map - 
0 0 8 0 0 8 0 8 0 8 0 0 4 0 0 8 0 4 0 4 0 0 4 4 0 4 4 0 4 0 0 0 0 4 0 4 0 0 4 0 4 0 4 4 0 0 4 0 0 8 
4 0 0 0 0 0 0 0 0 0 0 0 4 0 0 0 0 0 0 4 0 0 0 0 0 0 0 0 0 4 0 0 4 0 0 0 0 0 0 0 0 0 0 0 0 0 4 0 0 0 
4 0 0 0 0 0 0 0 0 0 0 0 0 0 0 0 0 4 0 0 0 0 0 0 0 0 0 0 0 0 0 0 0 0 0 4 0 0 4 0 4 0 0 0 0 0 0 0 0 4 
0 0 0 4 0 4 0 4 0 0 4 0 0 4 0 4 0 0 0 0 0 0 4 0 0 4 0 0 0 0 0 4 0 0 0 0 0 0 0 0 0 0 0 4 0 4 0 0 0 4 
4 0 0 0 0 0 0 0 0 0 0 0 0 0 0 0 0 0 4 0 4 0 0 0 0 0 0 4 4 0 0 0 0 0 4 0 4 0 0 0 4 0 0 0 0 0 0 4 0 0 
4 0 0 4 0 0 0 4 0 0 4 0 0 0 0 0 0 0 0 0 0 0 0 4 0 4 0 0 0 0 0 0 4 0 0 0 0 0 4 0 0 0 0 0 0 0 0 0 0 4 
0 0 0 0 4 0 0 4 0 0 0 0 0 0 0 4 0 0 4 0 0 4 0 0 0 0 0 0 0 0 0 0 0 0 0 0 0 0 0 0 0 4 0 4 0 4 0 4 0 0 
4 0 0 0 0 0 0 0 0 0 4 0 4 0 0 0 0 0 0 0 0 0 0 0 0 0 0 0 4 0 4 0 0 0 4 0 0 0 0 0 0 0 0 0 0 0 0 0 0 4 
0 4 0 0 4 0 0 0 4 0 0 0 0 0 0 4 0 0 0 0 0 0 0 0 4 0 4 0 0 0 0 0 0 4 0 4 0 0 4 0 0 4 0 0 0 0 0 0 0 0 
0 0 0 0 0 0 0 4 0 0 0 0 0 0 0 0 0 0 0 0 4 0 4 0 0 0 0 0 0 0 0 4 0 0 0 0 0 0 0 0 0 0 0 0 0 0 4 0 0 0 
4 0 0 0 0 0 0 0 0 0 0 0 4 0 0 0 0 4 4 0 0 0 0 0 0 0 0 4 0 0 4 0 0 0 4 0 0 4 0 0 0 0 0 8 0 0 0 0 0 8 
0 0 0 4 0 4 0 0 0 4 0 0 0 0 4 0 0 0 0 0 0 0 4 0 0 4 0 0 0 0 0 0 0 0 0 0 0 0 0 4 0 0 0 0 0 0 4 0 0 0 
4 0 0 0 0 0 0 0 0 0 0 0 0 0 0 0 0 0 0 0 0 0 4 0 0 0 0 0 0 0 0 0 0 0 0 0 0 0 0 0 4 0 0 0 0 0 0 0 0 0 
0 0 0 0 0 0 0 0 4 0 0 4 0 0 0 0 4 0 4 0 4 0 0 0 0 0 0 0 4 0 4 0 0 4 0 0 4 0 0 0 0 0 0 4 4 0 4 0 4 4 
0 0 4 0 0 0 4 0 0 0 0 0 0 0 4 0 0 0 0 0 0 0 0 4 0 4 0 0 0 0 0 0 0 0 0 0 0 4 0 0 0 0 0 0 0 0 0 0 0 0 
4 0 0 4 0 0 0 0 0 0 4 0 4 0 0 0 0 0 0 0 0 0 0 0 0 0 0 0 4 0 4 0 0 4 0 0 0 0 0 4 0 0 0 0 0 0 4 0 0 4 
4 0 0 0 0 0 0 4 0 0 0 0 0 0 0 4 0 0 0 0 4 0 0 0 0 0 4 0 0 0 0 0 0 0 0 0 0 0 0 0 0 0 4 0 0 0 0 0 0 4 
0 0 0 0 4 0 0 0 4 0 0 0 0 0 4 0 4 0 0 4 0 0 4 0 0 4 0 0 0 0 0 0 0 0 0 4 0 0 4 0 0 0 0 4 0 0 0 0 0 0 
4 0 4 0 0 0 0 0 0 0 0 0 4 0 0 0 0 0 0 0 0 0 0 4 0 0 0 0 0 0 4 0 0 4 0 0 0 0 0 0 0 0 0 0 0 0 4 0 0 0 
0 0 0 0 4 0 0 0 0 0 4 0 0 0 0 4 0 0 4 0 0 0 0 0 0 0 0 0 0 4 0 0 0 0 0 0 0 0 0 0 0 0 0 0 4 0 0 0 4 4 
0 0 0 0 0 0 0 4 0 0 0 0 0 0 0 0 0 0 0 4 0 0 0 0 0 0 0 4 0 0 0 0 4 0 0 0 0 0 0 4 0 4 0 0 0 0 0 0 0 0 
4 0 4 0 4 0 0 0 0 0 0 4 0 4 0 0 0 0 0 0 0 4 4 0 0 4 0 0 0 0 0 0 0 0 0 4 0 4 0 0 0 0 0 0 0 4 0 0 4 0 
0 0 0 0 0 0 0 0 0 4 0 0 0 0 0 0 4 0 0 0 0 0 0 0 0 0 0 0 4 0 0 4 0 0 0 0 0 0 0 0 0 0 0 0 0 0 0 0 0 4 
4 0 0 0 4 0 4 0 0 0 0 0 0 0 0 4 0 0 0 4 0 0 0 0 0 0 4 0 0 0 0 0 0 0 4 0 0 0 0 0 4 0 0 0 0 0 0 0 0 0 
4 0 0 0 0 0 0 0 0 4 0 4 0 0 0 0 0 0 4 0 0 4 0 0 0 0 0 0 0 0 0 0 0 0 0 0 4 0 0 0 0 0 0 4 0 4 0 4 0 4 
0 0 0 0 4 0 0 0 0 0 0 0 0 4 0 0 0 0 0 0 0 0 0 4 0 4 0 0 0 0 4 0 0 4 0 0 0 0 4 0 0 0 0 0 0 0 0 0 0 0 
4 0 0 0 0 0 4 0 0 4 0 0 0 0 0 0 4 0 0 0 0 4 0 0 0 0 0 0 0 0 0 0 0 0 4 0 0 0 0 0 0 4 0 0 0 0 0 4 0 4 
4 0 4 0 4 0 0 0 0 0 0 0 4 0 0 0 0 0 4 0 0 0 0 0 0 0 0 4 0 0 0 0 4 0 0 0 4 0 0 0 0 0 0 0 0 4 0 0 0 0 
0 0 0 0 0 0 0 0 0 4 0 0 0 0 0 4 0 0 0 0 4 0 0 0 0 0 0 0 0 0 4 0 0 0 0 0 0 0 0 4 0 0 4 0 0 0 0 0 0 0 
4 0 0 0 0 4 0 0 0 0 0 4 0 0 0 0 0 0 0 0 0 4 0 0 4 0 0 4 0 0 0 0 0 0 4 0 0 0 0 0 0 0 0 0 4 0 0 0 0 4 
0 0 0 0 0 0 0 0 0 0 0 0 0 0 0 0 4 0 0 0 0 0 0 0 0 0 0 0 0 4 0 0 4 0 0 0 0 0 0 0 4 0 0 0 0 0 4 0 0 4 
4 0 0 4 0 0 0 4 0 0 4 0 0 0 0 0 0 0 4 0 4 0 0 0 0 4 0 0 4 0 0 0 0 0 0 0 4 0 4 0 0 0 0 0 0 0 0 4 0 0 
4 0 4 0 0 4 0 0 0 0 0 0 0 0 0 4 0 0 0 0 0 0 0 4 0 0 0 0 0 0 0 0 0 0 0 0 0 0 0 0 0 0 0 0 0 0 0 0 0 0 
0 0 0 0 0 0 0 0 4 0 4 0 0 4 0 0 0 0 0 0 0 0 0 0 0 4 0 0 0 0 0 0 4 0 0 4 0 0 0 0 0 4 0 4 0 0 4 0 0 4 
4 0 4 0 0 4 0 0 0 0 0 0 0 0 0 0 4 0 0 4 0 0 0 0 0 0 0 0 4 0 4 0 0 4 0 0 0 0 4 0 0 0 0 0 0 0 0 0 0 0 
0 0 0 0 0 0 0 4 0 0 0 0 4 0 0 0 0 0 0 0 0 0 0 0 0 0 0 0 0 0 0 0 0 0 0 0 0 0 0 0 0 0 0 0 0 0 4 0 0 4 
4 0 0 0 4 0 0 4 0 0 0 0 0 0 4 0 0 0 0 0 0 0 0 4 0 4 0 4 0 0 0 0 0 0 0 4 0 0 0 0 4 0 0 4 0 0 0 0 0 0 
4 0 0 0 0 4 0 0 0 0 4 0 0 0 0 0 0 4 0 0 0 4 0 0 0 0 0 0 4 0 0 4 0 4 0 0 0 0 0 0 0 0 0 0 0 0 0 0 0 4 
0 0 0 4 0 0 0 0 0 0 0 0 4 0 0 4 0 0 0 0 0 0 0 0 0 0 0 0 0 0 0 0 0 0 0 0 0 4 0 0 0 0 0 4 0 0 8 0 0 4 
0 0 0 0 4 0 0 0 4 0 0 0 0 0 0 0 0 0 0 0 4 0 0 0 0 4 0 0 4 0 0 0 0 0 0 0 0 0 4 0 0 4 0 0 0 0 0 0 0 0 
4 4 0 0 0 0 4 0 0 0 0 0 4 0 4 0 0 0 0 0 0 0 4 0 0 0 0 0 0 0 4 0 4 0 0 4 0 0 0 0 0 0 0 0 4 0 0 0 0 0 
0 0 0 0 0 0 0 0 0 4 0 0 0 0 0 0 0 4 0 4 0 0 0 4 0 4 0 0 0 0 0 0 0 0 0 0 0 4 0 0 4 0 0 0 0 0 4 0 4 4 
8 0 0 0 4 0 0 4 0 0 0 0 0 0 0 0 0 0 0 0 0 0 0 0 0 0 0 0 4 0 0 0 0 0 0 0 0 0 0 0 0 0 0 0 0 0 0 0 0 0 
0 0 0 0 0 0 0 0 0 0 0 0 0 4 0 0 0 4 0 4 0 0 0 0 0 0 0 0 0 0 0 0 4 0 0 0 4 0 0 0 4 0 0 0 0 0 4 0 0 0 
0 4 0 4 0 0 0 0 0 0 4 0 4 0 4 0 0 0 0 0 0 0 4 0 0 4 0 0 0 0 4 0 0 0 0 0 4 0 0 0 0 0 4 4 0 0 4 0 0 8 
4 0 0 0 0 0 4 0 4 0 0 0 0 0 0 0 0 4 0 4 0 0 0 4 0 0 4 0 4 0 0 0 0 4 0 0 0 0 0 4 0 0 0 0 0 0 0 0 0 0 
0 0 0 4 0 0 0 0 0 0 0 0 0 0 4 0 0 0 0 0 0 0 0 0 0 0 0 0 0 0 0 0 0 0 0 0 4 0 0 0 0 0 0 0 0 0 4 0 0 0 
4 4 4 0 0 0 4 0 4 0 4 0 4 4 0 0 0 4 0 4 0 4 0 4 0 4 4 0 4 4 0 4 0 4 0 0 4 0 0 4 0 8 0 4 4 0 4 0 0 8 

