1.341364 1.330545 1.320847 1.296777 1.272507 1.263006 1.264054 1.26973 1.275483 1.269026 1.240404 1.219678 1.20701 1.062082 0.447474 0.148561 0.109757 
1.338047 1.308016 1.278145 1.238412 1.204947 1.180569 1.168921 1.169803 1.173365 1.171967 1.14949 1.127142 1.113869 0.96392 0.338406 0.099746 0.068374 
1.312277 1.252717 1.175378 1.11323 1.07885 1.043857 1.007776 0.990402 0.983636 0.969523 0.95653 0.948528 0.920029 0.658517 -0.028997 -0.17775 -0.20496 
1.260486 1.184756 1.096337 1.032962 0.984549 0.943399 0.908632 0.875994 0.846802 0.81145 0.788942 0.779206 0.645793 -0.079058 -0.758881 -0.911358 -0.987202 
1.203322 1.130964 1.055111 0.983435 0.907895 0.854711 0.817522 0.782533 0.754368 0.721888 0.691212 0.618503 0.181234 -0.620657 -0.927604 -1.072422 -1.187128 
1.173631 1.098907 1.014843 0.924801 0.841279 0.788937 0.736235 0.688417 0.665795 0.63331 0.539024 0.208708 -0.412877 -0.79247 -0.951364 -1.105148 -1.22997 
1.190819 1.104859 0.993203 0.894503 0.811544 0.739585 0.669556 0.61154 0.560228 0.428596 0.066569 -0.396036 -0.665508 -0.824454 -0.961567 -1.12153 -1.248388 
1.206967 1.11641 0.990496 0.884596 0.785636 0.691009 0.613931 0.508741 0.279151 -0.104161 -0.451413 -0.62559 -0.728939 -0.849835 -0.984309 -1.137991 -1.256902 
1.204094 1.112412 0.987138 0.872114 0.758545 0.652081 0.496823 0.114294 -0.335023 -0.532472 -0.624668 -0.691212 -0.763885 -0.873184 -1.017923 -1.162685 -1.254798 
1.196461 1.100525 0.966446 0.84098 0.716585 0.520337 0.048641 -0.427981 -0.592185 -0.639279 -0.68416 -0.731859 -0.79784 -0.906894 -1.051927 -1.17456 -1.244643 
1.214431 1.103714 0.941332 0.779412 0.532505 0.015244 -0.499853 -0.653115 -0.690181 -0.717854 -0.749874 -0.789756 -0.862563 -0.968439 -1.07296 -1.17753 -1.248576 
1.209576 1.102194 0.90864 0.521742 -0.110915 -0.571517 -0.714743 -0.750739 -0.781913 -0.815271 -0.837693 -0.875311 -0.955589 -1.034785 -1.095134 -1.187013 -1.266579 
1.070482 0.97766 0.692871 -0.197384 -0.751704 -0.848201 -0.836537 -0.842852 -0.87372 -0.902471 -0.930573 -0.98104 -1.045263 -1.082007 -1.117843 -1.198023 -1.276477 
0.50942 0.440257 0.068242 -0.7879 -0.986257 -0.998875 -0.972577 -0.96841 -1.00485 -1.035317 -1.070062 -1.118976 -1.141575 -1.138623 -1.159237 -1.227991 -1.289779 
0.174948 0.132215 -0.209907 -0.961827 -1.108209 -1.126686 -1.137581 -1.159458 -1.200898 -1.22287 -1.232688 -1.241764 -1.227982 -1.211021 -1.227689 -1.27145 -1.303198 
0.11987 0.078413 -0.273681 -1.039639 -1.19278 -1.226721 -1.262711 -1.285535 -1.302796 -1.310325 -1.313367 -1.310042 -1.281132 -1.254817 -1.267773 -1.295638 -1.311955 
