-0.034969 -0.089742 -0.145597 -0.228947 -0.307469 -0.39146 -0.50932 -0.64196 -0.776908 -0.923876 -1.087965 -1.244795 -1.368935 -1.51505 -1.929198 -2.162311 -2.23334 
0.053871 -0.025965 -0.103408 -0.193513 -0.272448 -0.343961 -0.459959 -0.604634 -0.732269 -0.875418 -1.04542 -1.18756 -1.302745 -1.475968 -1.932891 -2.130727 -2.190364 
0.176569 0.104719 0.003983 -0.095391 -0.190875 -0.274882 -0.382467 -0.517851 -0.627219 -0.745683 -0.911801 -1.055072 -1.166051 -1.316169 -1.709152 -1.93517 -2.001624 
0.251119 0.197952 0.099133 -0.008148 -0.106384 -0.203174 -0.319765 -0.444441 -0.538783 -0.636285 -0.767333 -0.901987 -1.026147 -1.159545 -1.28573 -1.412662 -1.501974 
0.329552 0.28013 0.197337 0.086381 -0.019239 -0.104937 -0.217194 -0.357517 -0.463307 -0.563198 -0.672528 -0.784866 -0.929064 -1.09636 -1.192003 -1.281824 -1.361557 
0.486054 0.424179 0.346793 0.245904 0.11513 0.005813 -0.10154 -0.230938 -0.353335 -0.472991 -0.581045 -0.669853 -0.800426 -0.964793 -1.087082 -1.193459 -1.272444 
0.634792 0.579708 0.493486 0.394635 0.2661 0.14067 0.021029 -0.103926 -0.219582 -0.335888 -0.436063 -0.52485 -0.647849 -0.794829 -0.925186 -1.042175 -1.122283 
0.758147 0.718901 0.643307 0.550105 0.431085 0.302045 0.177228 0.039101 -0.065148 -0.13794 -0.260761 -0.392699 -0.52059 -0.664901 -0.790565 -0.887207 -0.951997 
0.868816 0.83117 0.770006 0.695997 0.591956 0.454866 0.329038 0.222526 0.141866 0.045043 -0.110175 -0.263041 -0.400469 -0.553861 -0.684131 -0.76006 -0.8068 
0.996804 0.945327 0.875035 0.798423 0.704759 0.591178 0.469454 0.364944 0.255103 0.130949 -0.013157 -0.151156 -0.28791 -0.441402 -0.57983 -0.662957 -0.702241 
1.188195 1.119826 1.007861 0.899717 0.800558 0.705555 0.594157 0.481283 0.359467 0.219977 0.076421 -0.050808 -0.18021 -0.311171 -0.42883 -0.532669 -0.576992 
1.328054 1.264474 1.141414 1.019778 0.934707 0.821535 0.694913 0.58305 0.45476 0.321803 0.195286 0.06256 -0.0711 -0.182301 -0.270128 -0.369606 -0.431504 
1.50299 1.455752 1.317543 1.155763 1.084416 0.967096 0.807821 0.67436 0.526882 0.38904 0.2898 0.16955 0.022823 -0.091889 -0.17686 -0.264561 -0.330707 
2.116382 2.080844 1.816509 1.320078 1.196521 1.10172 0.942571 0.770742 0.604134 0.457557 0.358703 0.253279 0.123144 0.004022 -0.093406 -0.17313 -0.222436 
2.50468 2.447984 2.125708 1.447993 1.288727 1.203934 1.057472 0.863144 0.683641 0.539686 0.421534 0.306705 0.195897 0.100435 0.013652 -0.070969 -0.130354 
2.585621 2.523494 2.187686 1.50575 1.353547 1.267834 1.109323 0.90337 0.717602 0.579047 0.455449 0.337054 0.228392 0.136414 0.067626 -0.000208 -0.067883 
