-0.028237 -0.11486 -0.201484 -0.288107 -0.374731 -0.461354 -0.547978 -0.634602 -0.721225 -0.807849 -0.894472 -0.981096 -1.067719 -1.154343 -1.240966 -1.32759 -1.414214 
0.067927 -0.018697 -0.10532 -0.191944 -0.278568 -0.365191 -0.451815 -0.538438 -0.625062 -0.711685 -0.798309 -0.884932 -0.971556 -1.05818 -1.144803 -1.231427 -1.31805 
0.16409 0.077467 -0.009157 -0.095781 -0.182404 -0.269028 -0.355651 -0.442275 -0.528898 -0.615522 -0.702146 -0.788769 -0.875393 -0.962016 -1.04864 -1.135263 -1.221887 
0.260253 0.17363 0.087006 0.000383 -0.086241 -0.172864 -0.259488 -0.346111 -0.432735 -0.519359 -0.605982 -0.692606 -0.779229 -0.865853 -0.952476 -1.0391 -1.125724 
0.356417 0.269793 0.18317 0.096546 0.009923 -0.076701 -0.163325 -0.249948 -0.336572 -0.423195 -0.509819 -0.596442 -0.683066 -0.76969 -0.856313 -0.942937 -1.02956 
0.45258 0.365957 0.279333 0.192709 0.106086 0.019462 -0.067161 -0.153785 -0.240408 -0.327032 -0.413655 -0.500279 -0.586903 -0.673526 -0.76015 -0.846773 -0.933397 
0.548743 0.46212 0.375496 0.288873 0.202249 0.115626 0.029002 -0.057621 -0.144245 -0.230869 -0.317492 -0.404116 -0.490739 -0.577363 -0.663986 -0.75061 -0.837233 
0.644907 0.558283 0.47166 0.385036 0.298413 0.211789 0.125165 0.038542 -0.048082 -0.134705 -0.221329 -0.307952 -0.394576 -0.481199 -0.567823 -0.654447 -0.74107 
0.74107 0.654447 0.567823 0.481199 0.394576 0.307952 0.221329 0.134705 0.048082 -0.038542 -0.125165 -0.211789 -0.298413 -0.385036 -0.47166 -0.558283 -0.644907 
0.837233 0.75061 0.663986 0.577363 0.490739 0.404116 0.317492 0.230869 0.144245 0.057621 -0.029002 -0.115626 -0.202249 -0.288873 -0.375496 -0.46212 -0.548743 
0.933397 0.846773 0.76015 0.673526 0.586903 0.500279 0.413655 0.327032 0.240408 0.153785 0.067161 -0.019462 -0.106086 -0.192709 -0.279333 -0.365957 -0.45258 
1.02956 0.942937 0.856313 0.76969 0.683066 0.596442 0.509819 0.423195 0.336572 0.249948 0.163325 0.076701 -0.009923 -0.096546 -0.18317 -0.269793 -0.356417 
1.125724 1.0391 0.952476 0.865853 0.779229 0.692606 0.605982 0.519359 0.432735 0.346111 0.259488 0.172864 0.086241 -0.000383 -0.087006 -0.17363 -0.260253 
1.221887 1.135263 1.04864 0.962016 0.875393 0.788769 0.702146 0.615522 0.528898 0.442275 0.355651 0.269028 0.182404 0.095781 0.009157 -0.077467 -0.16409 
1.31805 1.231427 1.144803 1.05818 0.971556 0.884932 0.798309 0.711685 0.625062 0.538438 0.451815 0.365191 0.278568 0.191944 0.10532 0.018697 -0.067927 
1.414214 1.32759 1.240966 1.154343 1.067719 0.981096 0.894472 0.807849 0.721225 0.634602 0.547978 0.461354 0.374731 0.288107 0.201484 0.11486 0.028237 
